   0.00000000       1.00000000    
   0.00000000      0.999158502    
   9.99999978E-03  0.998312533    
   2.99999993E-02  0.997462094    
   5.99999987E-02  0.996607363    
   9.99999940E-02  0.995748401    
  0.149999991      0.994885266    
  0.209999993      0.994018078    
  0.280000001      0.993146956    
  0.360000014      0.992271960    
  0.450000018      0.991393209    
  0.550000012      0.990510762    
  0.660000026      0.989624739    
  0.780000031      0.988735259    
  0.910000026      0.987842381    
   1.05000007      0.986946225    
   1.20000005      0.986046910    
   1.36000001      0.985144496    
   1.52999997      0.984239042    
   1.70999992      0.983330727    
   1.89999986      0.982419550    
   2.09999990      0.981505692    
   2.30999994      0.980589211    
   2.52999997      0.979670227    
   2.75999999      0.978748798    
   3.00000000      0.977825046    
   3.25000000      0.976899087    
   3.50999999      0.975970984    
   3.77999997      0.975040853    
   4.05999994      0.974108756    
   4.34999990      0.973174810    
   4.65000010      0.972239077    
   4.96000004      0.971301734    
   5.28000021      0.970362782    
   5.61000013      0.969422400    
   5.95000029      0.968480647    
   6.30000019      0.967537582    
   6.66000032      0.966593385    
   7.03000021      0.965648055    
   7.41000032      0.964701772    
   7.80000019      0.963754594    
   8.19999981      0.962806582    
   8.60999966      0.961857855    
   9.02999973      0.960908532    
   9.46000004      0.959958673    
   9.89999962      0.959008396    
   10.3499994      0.958057761    
   10.8099995      0.957106888    
   11.2799997      0.956155896    
   11.7599993      0.955204844    
   12.2499990      0.954253793    
   12.7499990      0.953302860    
   13.2599993      0.952352166    
   13.7799988      0.951401770    
   14.3099985      0.950451791    
   14.8499985      0.949502289    
   15.3999987      0.948553383    
   15.9599991      0.947605133    
   16.5299988      0.946657658    
   17.1099987      0.945711017    
   17.6999989      0.944765329    
   18.2999992      0.943820655    
   18.9099998      0.942877114    
   19.5300007      0.941934764    
   20.1599998      0.940993667    
   20.7999992      0.940053999    
   21.4499989      0.939115763    
   22.1099987      0.938179076    
   22.7799988      0.937244058    
   23.4599991      0.936310709    
   24.1499996      0.935379207    
   24.8500004      0.934449553    
   25.5599995      0.933521926    
   26.2799988      0.932596326    
   27.0099983      0.931672871    
   27.7499981      0.930751622    
   28.4999981      0.929832697    
   29.2599983      0.928916156    
   30.0299988      0.928002119    
   30.8099995      0.927090585    
   31.5999985      0.926181734    
   32.3999977      0.925275564    
   33.2099991      0.924372196    
   34.0299988      0.923471689    
   34.8600006      0.922574162    
   35.7000008      0.921679616    
   36.5499992      0.920788169    
   37.4099998      0.919899940    
   38.2799988      0.919014931    
   39.1599998      0.918133259    
   40.0499992      0.917255044    
   40.9500008      0.916380286    
   41.8600006      0.915509105    
   42.7799988      0.914641559    
   43.7099991      0.913777709    
   44.6499977      0.912917674    
   45.5999985      0.912061453    
   46.5599976      0.911209166    
   47.5299988      0.910360873    
   48.5099983      0.909516633    
   49.5000000      0.908676565    
   50.5000000      0.907840669    
   51.5099983      0.907009065    
   52.5299988      0.906181812    
   53.5599976      0.905358970    
   54.5999985      0.904540598    
   55.6499977      0.903726816    
   56.7099991      0.902917624    
   57.7799988      0.902113140    
   58.8600006      0.901313365    
   59.9500008      0.900518417    
   61.0499992      0.899728358    
   62.1599998      0.898943245    
   63.2799988      0.898163140    
   64.4099960      0.897388101    
   65.5499954      0.896618187    
   66.6999969      0.895853460    
   67.8600006      0.895093977    
   69.0299988      0.894339800    
   70.2099991      0.893590987    
   71.4000015      0.892847598    
   72.5999985      0.892109692    
   73.8099976      0.891377330    
   75.0299988      0.890650570    
   76.2600021      0.889929473    
   77.5000000      0.889214098    
   78.7500000      0.888504505    
   80.0100021      0.887800753    
   81.2799988      0.887102842    
   82.5599976      0.886410892    
   83.8499985      0.885724902    
   85.1500015      0.885044992    
   86.4599991      0.884371161    
   87.7799988      0.883703470    
   89.1100006      0.883041978    
   90.4499969      0.882386744    
   91.7999954      0.881737769    
   93.1599960      0.881095171    
   94.5299988      0.880458951    
   95.9099960      0.879829168    
   97.2999954      0.879205883    
   98.6999969      0.878589153    
   100.110001      0.877978981    
   101.529999      0.877375424    
   102.959999      0.876778543    
   104.400002      0.876188397    
   105.849998      0.875605047    
   107.309998      0.875028491    
   108.779999      0.874458790    
   110.260002      0.873895943    
   111.750000      0.873340070    
   113.250000      0.872791171    
   114.760002      0.872249246    
   116.279999      0.871714413    
   117.809998      0.871186674    
   119.349998      0.870666027    
   120.900002      0.870152533    
   122.459999      0.869646251    
   124.029999      0.869147241    
   125.610001      0.868655503    
   127.199997      0.868171096    
   128.800003      0.867694020    
   130.410004      0.867224336    
   132.029999      0.866762102    
   133.660004      0.866307318    
   135.300003      0.865859985    
   136.949997      0.865420163    
   138.610001      0.864987910    
   140.279999      0.864563227    
   141.959991      0.864146173    
   143.649994      0.863736749    
   145.349991      0.863335013    
   147.059998      0.862940967    
   148.779999      0.862554669    
   150.509995      0.862176120    
   152.250000      0.861805379    
   154.000000      0.861442447    
   155.759995      0.861087322    
   157.529999      0.860740066    
   159.309998      0.860400736    
   161.099991      0.860069335    
   162.899994      0.859745860    
   164.709991      0.859430313    
   166.529999      0.859122753    
   168.360001      0.858823240    
   170.199997      0.858531713    
   172.050003      0.858248234    
   173.910004      0.857972860    
   175.779999      0.857705593    
   177.660004      0.857446432    
   179.550003      0.857195377    
   181.449997      0.856952488    
   183.360001      0.856717765    
   185.279999      0.856491208    
   187.209991      0.856272876    
   189.149994      0.856062710    
   191.099991      0.855860770    
   193.059998      0.855667114    
   195.029999      0.855481684    
   197.009995      0.855304539    
   199.000000      0.855135679    
   201.000000      0.854975164    
   203.009995      0.854822934    
   205.029999      0.854679048    
   207.059998      0.854543507    
   209.099991      0.854416311    
   211.149994      0.854297459    
   213.209991      0.854186952    
   215.279999      0.854084849    
   217.360001      0.853991151    
   219.449997      0.853905797    
   221.550003      0.853828847    
   223.660004      0.853760302    
   225.779999      0.853700221    
   227.910004      0.853648543    
   230.050003      0.853605270    
   232.199997      0.853570461    
   234.360001      0.853544056    
   236.529999      0.853526115    
   238.709991      0.853516638    
   240.899994      0.853515565    
   243.099991      0.853522956    
   245.309998      0.853538811    
   247.529999      0.853563130    
   249.759995      0.853595853    
   252.000000      0.853637040    
   254.250000      0.853686690    
   256.510010      0.853744805    
   258.779999      0.853811324    
   261.059998      0.853886306    
   263.350006      0.853969753    
   265.649994      0.854061604    
   267.959991      0.854161918    
   270.279999      0.854270637    
   272.609985      0.854387820    
   274.949982      0.854513407    
   277.299988      0.854647398    
   279.659973      0.854789853    
   282.029968      0.854940712    
   284.409973      0.855099916    
   286.799988      0.855267525    
   289.199982      0.855443537    
   291.609985      0.855627894    
   294.029999      0.855820596    
   296.459991      0.856021702    
   298.899994      0.856231153    
   301.350006      0.856448889    
   303.809998      0.856674969    
   306.279999      0.856909335    
   308.760010      0.857151985    
   311.250000      0.857402921    
   313.750000      0.857662141    
   316.260010      0.857929587    
   318.779999      0.858205318    
   321.309998      0.858489275    
   323.850006      0.858781397    
   326.399994      0.859081745    
   328.959991      0.859390259    
   331.529999      0.859706879    
   334.109985      0.860031664    
   336.699982      0.860364556    
   339.299988      0.860705554    
   341.909973      0.861054659    
   344.529968      0.861411810    
   347.159973      0.861777008    
   349.799988      0.862150192    
   352.449982      0.862531364    
   355.109985      0.862920523    
   357.779999      0.863317609    
   360.459991      0.863722622    
   363.149994      0.864135563    
   365.850006      0.864556372    
   368.559998      0.864985049    
   371.279999      0.865421534    
   374.010010      0.865865827    
   376.750000      0.866317868    
   379.500000      0.866777658    
   382.260010      0.867245197    
   385.029999      0.867720425    
   387.809998      0.868203282    
   390.600006      0.868693769    
   393.399994      0.869191885    
   396.209991      0.869697571    
   399.029999      0.870210767    
   401.859985      0.870731473    
   404.699982      0.871259689    
   407.549988      0.871795297    
   410.409973      0.872338355    
   413.279968      0.872888744    
   416.159973      0.873446524    
   419.049988      0.874011576    
   421.949982      0.874583900    
   424.859985      0.875163436    
   427.779999      0.875750184    
   430.709991      0.876344085    
   433.649994      0.876945138    
   436.600006      0.877553225    
   439.559998      0.878168404    
   442.529999      0.878790557    
   445.510010      0.879419684    
   448.500000      0.880055726    
   451.500000      0.880698621    
   454.510010      0.881348372    
   457.529999      0.882004917    
   460.559998      0.882668197    
   463.600006      0.883338213    
   466.649994      0.884014904    
   469.709991      0.884698212    
   472.779999      0.885388076    
   475.859985      0.886084497    
   478.949982      0.886787355    
   482.049988      0.887496650    
   485.159973      0.888212323    
   488.279968      0.888934374    
   491.409973      0.889662683    
   494.549988      0.890397251    
   497.699982      0.891138017    
   500.859985      0.891884923    
   504.029999      0.892637908    
   507.209991      0.893396914    
   510.399994      0.894161940    
   513.599976      0.894932866    
   516.809998      0.895709693    
   520.029968      0.896492362    
   523.259949      0.897280812    
   526.499939      0.898074925    
   529.749939      0.898874700    
   533.009949      0.899680078    
   536.279968      0.900491059    
   539.559998      0.901307523    
   542.849976      0.902129412    
   546.149963      0.902956665    
   549.459961      0.903789222    
   552.779968      0.904627025    
   556.109985      0.905470014    
   559.450012      0.906318188    
   562.799988      0.907171428    
   566.159973      0.908029675    
   569.529968      0.908892870    
   572.909973      0.909760952    
   576.299988      0.910633862    
   579.700012      0.911511481    
   583.109985      0.912393808    
   586.529968      0.913280785    
   589.959961      0.914172292    
   593.399963      0.915068328    
   596.849976      0.915968776    
   600.309998      0.916873574    
   603.779968      0.917782664    
   607.259949      0.918695986    
   610.749939      0.919613481    
   614.249939      0.920535028    
   617.759949      0.921460629    
   621.279968      0.922390163    
   624.809998      0.923323572    
   628.349976      0.924260795    
   631.899963      0.925201714    
   635.459961      0.926146328    
   639.029968      0.927094519    
   642.609985      0.928046227    
   646.200012      0.929001331    
   649.799988      0.929959834    
   653.409973      0.930921614    
   657.029968      0.931886613    
   660.659973      0.932854712    
   664.299988      0.933825850    
   667.950012      0.934799969    
   671.609985      0.935777009    
   675.279968      0.936756849    
   678.959961      0.937739432    
   682.649963      0.938724697    
   686.349976      0.939712524    
   690.059998      0.940702856    
   693.779968      0.941695631    
   697.509949      0.942690730    
   701.249939      0.943688095    
   704.999939      0.944687665    
   708.759949      0.945689321    
   712.529968      0.946692944    
   716.309998      0.947698534    
   720.099976      0.948705971    
   723.899963      0.949715137    
   727.709961      0.950725973    
   731.529968      0.951738417    
   735.359985      0.952752352    
   739.200012      0.953767717    
   743.049988      0.954784393    
   746.909973      0.955802321    
   750.779968      0.956821382    
   754.659973      0.957841516    
   758.549988      0.958862603    
   762.450012      0.959884584    
   766.359985      0.960907400    
   770.279968      0.961930931    
   774.209961      0.962955058    
   778.149963      0.963979721    
   782.099976      0.965004802    
   786.059998      0.966030240    
   790.029968      0.967055976    
   794.009949      0.968081832    
   797.999939      0.969107807    
   801.999939      0.970133722    
   806.009949      0.971159518    
   810.029968      0.972185135    
   814.059998      0.973210454    
   818.099976      0.974235415    
   822.149963      0.975259900    
   826.209961      0.976283789    
   830.279968      0.977307022    
   834.359985      0.978329480    
   838.450012      0.979351103    
   842.549988      0.980371773    
   846.659973      0.981391370    
   850.779968      0.982409835    
   854.909973      0.983427048    
   859.049988      0.984442949    
   863.200012      0.985457420    
   867.359985      0.986470342    
   871.529968      0.987481654    
   875.709961      0.988491237    
   879.899963      0.989499032    
   884.099976      0.990504920    
   888.309998      0.991508782    
   892.529968      0.992510557    
   896.759949      0.993510127    
   900.999939      0.994507432    
   905.249939      0.995502353    
   909.509949      0.996494770    
   913.779968      0.997484565    
   918.059998      0.998471677    
   922.349976      0.999456048    
   926.649963       1.00043750    
   930.959961       1.00141597    
   935.279968       1.00239146    
   939.609985       1.00336373    
   943.950012       1.00433278    
   948.299988       1.00529838    
   952.659973       1.00626063    
   957.029968       1.00721931    
   961.409973       1.00817430    
   965.799988       1.00912559    
   970.200012       1.01007295    
   974.609985       1.01101637    
   979.029968       1.01195586    
   983.459961       1.01289117    
   987.899963       1.01382220    
   992.349976       1.01474893    
   996.809998       1.01567125    
   1001.27997       1.01658905    
   1005.75995       1.01750231    
   1010.24994       1.01841080    
   1014.74994       1.01931453    
   1019.25995       1.02021337    
   1023.77997       1.02110720    
   1028.30994       1.02199590    
   1032.84998       1.02287948    
   1037.40002       1.02375782    
   1041.96008       1.02463078    
   1046.53003       1.02549827    
   1051.10999       1.02636027    
   1055.69995       1.02721655    
   1060.29993       1.02806711    
   1064.90991       1.02891195    
   1069.52991       1.02975082    
   1074.15991       1.03058374    
   1078.79993       1.03141057    
   1083.44995       1.03223121    
   1088.10999       1.03304553    
   1092.78003       1.03385353    
   1097.46008       1.03465509    
   1102.15002       1.03545010    
   1106.84998       1.03623855    
   1111.55994       1.03702021    
   1116.27991       1.03779519    
   1121.00989       1.03856325    
   1125.74988       1.03932440    
   1130.49988       1.04007840    
   1135.25989       1.04082537    
   1140.02991       1.04156506    
   1144.80994       1.04229748    
   1149.59998       1.04302251    
   1154.40002       1.04374015    
   1159.21008       1.04445028    
   1164.03003       1.04515278    
   1168.85999       1.04584754    
   1173.69995       1.04653454    
   1178.54993       1.04721367    
   1183.40991       1.04788494    
   1188.27991       1.04854822    
   1193.15991       1.04920340    
   1198.04993       1.04985046    
   1202.94995       1.05048931    
   1207.85999       1.05111980    
   1212.78003       1.05174196    
   1217.71008       1.05235577    
   1222.65002       1.05296099    
   1227.59998       1.05355763    
   1232.55994       1.05414569    
   1237.52991       1.05472505    
   1242.50989       1.05529559    
   1247.49988       1.05585730    
   1252.49988       1.05641019    
   1257.50989       1.05695403    
   1262.52991       1.05748892    
   1267.55994       1.05801463    
   1272.59998       1.05853128    
   1277.65002       1.05903864    
   1282.71008       1.05953681    
   1287.78003       1.06002569    
   1292.85999       1.06050515    
   1297.94995       1.06097519    
   1303.04993       1.06143570    
   1308.15991       1.06188667    
   1313.27991       1.06232810    
   1318.40991       1.06275988    
   1323.54993       1.06318188    
   1328.69995       1.06359422    
   1333.85999       1.06399667    
   1339.03003       1.06438935    
   1344.21008       1.06477213    
   1349.40002       1.06514502    
   1354.59998       1.06550789    
   1359.80994       1.06586075    
   1365.02991       1.06620359    
   1370.25989       1.06653631    
   1375.49988       1.06685889    
   1380.74988       1.06717134    
   1386.00989       1.06747353    
   1391.27991       1.06776547    
   1396.55994       1.06804717    
   1401.84998       1.06831861    
   1407.15002       1.06857967    
   1412.46008       1.06883037    
   1417.78003       1.06907070    
   1423.10999       1.06930053    
   1428.44995       1.06952000    
   1433.79993       1.06972897    
   1439.15991       1.06992745    
   1444.52991       1.07011533    
   1449.90991       1.07029271    
   1455.29993       1.07045949    
   1460.69995       1.07061577    
   1466.10999       1.07076144    
   1471.53003       1.07089651    
   1476.96008       1.07102096    
   1482.40002       1.07113481    
   1487.84998       1.07123792    
   1493.30994       1.07133043    
   1498.77991       1.07141221    
   1504.25989       1.07148337    
   1509.74988       1.07154381    
   1515.24988       1.07159352    
   1520.75989       1.07163262    
   1526.27991       1.07166100    
   1531.80994       1.07167864    
   1537.34998       1.07168567    
   1542.90002       1.07168198    
   1548.46008       1.07166755    
   1554.03003       1.07164240    
   1559.60999       1.07160664    
   1565.19995       1.07156014    
   1570.79993       1.07150304    
   1576.40991       1.07143521    
   1582.02991       1.07135677    
   1587.65991       1.07126772    
   1593.29993       1.07116807    
   1598.94995       1.07105780    
   1604.60999       1.07093692    
   1610.28003       1.07080543    
   1615.96008       1.07066345    
   1621.65002       1.07051086    
   1627.34998       1.07034779    
   1633.05994       1.07017422    
   1638.77991       1.06999016    
   1644.50989       1.06979573    
   1650.24988       1.06959081    
   1655.99988       1.06937551    
   1661.75989       1.06914985    
   1667.52991       1.06891394    
   1673.30994       1.06866765    
   1679.09998       1.06841111    
   1684.90002       1.06814432    
   1690.71008       1.06786740    
   1696.53003       1.06758034    
   1702.35999       1.06728315    
   1708.19995       1.06697583    
   1714.04993       1.06665850    
   1719.90991       1.06633115    
   1725.77991       1.06599391    
   1731.65991       1.06564677    
   1737.54993       1.06528974    
   1743.44995       1.06492281    
   1749.35999       1.06454611    
   1755.28003       1.06415975    
   1761.21008       1.06376374    
   1767.15002       1.06335807    
   1773.09998       1.06294286    
   1779.05994       1.06251812    
   1785.02991       1.06208384    
   1791.00989       1.06164026    
   1796.99988       1.06118727    
   1802.99988       1.06072497    
   1809.00989       1.06025350    
   1815.02991       1.05977285    
   1821.05994       1.05928302    
   1827.09998       1.05878413    
   1833.15002       1.05827630    
   1839.21008       1.05775952    
   1845.28003       1.05723393    
   1851.35999       1.05669951    
   1857.44995       1.05615640    
   1863.54993       1.05560458    
   1869.65991       1.05504417    
   1875.77991       1.05447519    
   1881.90991       1.05389774    
   1888.04993       1.05331194    
   1894.19995       1.05271780    
   1900.35999       1.05211544    
   1906.53003       1.05150497    
   1912.71008       1.05088639    
   1918.90002       1.05025983    
   1925.09998       1.04962528    
   1931.30994       1.04898286    
   1937.52991       1.04833269    
   1943.75989       1.04767489    
   1949.99988       1.04700947    
   1956.24988       1.04633641    
   1962.50989       1.04565597    
   1968.77991       1.04496813    
   1975.05994       1.04427302    
   1981.34998       1.04357064    
   1987.65002       1.04286122    
   1993.96008       1.04214466    
   2000.28003       1.04142118    
   2006.60999       1.04069090    
   2012.94995       1.03995383    
   2019.29993       1.03921008    
   2025.65991       1.03845966    
   2032.02991       1.03770268    
   2038.40991       1.03693938    
   2044.79993       1.03616965    
   2051.19995       1.03539371    
   2057.60986       1.03461158    
   2064.02979       1.03382337    
   2070.45972       1.03302920    
   2076.89966       1.03222919    
   2083.34961       1.03142333    
   2089.80957       1.03061187    
   2096.27954       1.02979481    
   2102.75952       1.02897227    
   2109.24951       1.02814424    
   2115.74951       1.02731097    
   2122.25952       1.02647245    
   2128.77954       1.02562881    
   2135.30957       1.02478015    
   2141.84961       1.02392650    
   2148.39966       1.02306807    
   2154.95972       1.02220488    
   2161.52979       1.02133703    
   2168.10986       1.02046466    
   2174.69995       1.01958787    
   2181.30005       1.01870668    
   2187.91016       1.01782119    
   2194.53027       1.01693165    
   2201.16016       1.01603806    
   2207.80005       1.01514041    
   2214.44995       1.01423895    
   2221.10986       1.01333380    
   2227.77979       1.01242495    
   2234.45972       1.01151252    
   2241.14966       1.01059663    
   2247.84961       1.00967741    
   2254.55957       1.00875497    
   2261.27954       1.00782931    
   2268.00952       1.00690067    
   2274.74951       1.00596905    
   2281.49951       1.00503457    
   2288.25952       1.00409734    
   2295.02954       1.00315750    
   2301.80957       1.00221503    
   2308.59961       1.00127017    
   2315.39966       1.00032294    
   2322.20972      0.999373436    
   2329.02979      0.998421788    
   2335.85986      0.997468054    
   2342.69995      0.996512413    
   2349.55005      0.995554924    
   2356.41016      0.994595647    
   2363.28027      0.993634760    
   2370.16016      0.992672324    
   2377.05005      0.991708398    
   2383.94995      0.990743160    
   2390.85986      0.989776671    
   2397.77979      0.988808990    
   2404.70972      0.987840295    
   2411.64966      0.986870587    
   2418.59961      0.985900044    
   2425.55957      0.984928727    
   2432.52954      0.983956754    
   2439.50952      0.982984245    
   2446.49951      0.982011259    
   2453.49951      0.981037915    
   2460.50952      0.980064273    
   2467.52954      0.979090512    
   2474.55957      0.978116632    
   2481.59961      0.977142811    
   2488.64966      0.976169109    
   2495.70972      0.975195587    
   2502.77979      0.974222362    
   2509.85986      0.973249555    
   2516.94995      0.972277284    
   2524.05005      0.971305609    
   2531.16016      0.970334589    
   2538.28027      0.969364345    
   2545.41016      0.968394995    
   2552.55005      0.967426598    
   2559.69995      0.966459274    
   2566.85986      0.965493083    
   2574.02979      0.964528143    
   2581.20972      0.963564575    
   2588.39966      0.962602437    
   2595.59961      0.961641788    
   2602.80957      0.960682750    
   2610.02954      0.959725440    
   2617.25952      0.958769917    
   2624.49951      0.957816243    
   2631.74951      0.956864536    
   2639.00952      0.955914915    
   2646.27954      0.954967439    
   2653.55957      0.954022169    
   2660.84961      0.953079224    
   2668.14966      0.952138722    
   2675.45972      0.951200664    
   2682.77979      0.950265229    
   2690.10986      0.949332416    
   2697.44995      0.948402345    
   2704.80005      0.947475135    
   2712.16016      0.946550846    
   2719.53027      0.945629537    
   2726.91016      0.944711328    
   2734.30005      0.943796277    
   2741.69995      0.942884445    
   2749.10986      0.941975951    
   2756.52979      0.941070855    
   2763.95972      0.940169215    
   2771.39966      0.939271152    
   2778.84961      0.938376725    
   2786.30957      0.937485993    
   2793.77954      0.936599076    
   2801.25952      0.935716033    
   2808.74951      0.934836924    
   2816.24951      0.933961868    
   2823.75952      0.933090925    
   2831.27954      0.932224154    
   2838.80957      0.931361616    
   2846.34961      0.930503368    
   2853.89966      0.929649532    
   2861.45972      0.928800166    
   2869.02979      0.927955329    
   2876.60986      0.927115142    
   2884.19995      0.926279604    
   2891.80005      0.925448835    
   2899.41016      0.924622893    
   2907.03027      0.923801839    
   2914.66016      0.922985733    
   2922.30005      0.922174633    
   2929.94995      0.921368659    
   2937.60986      0.920567811    
   2945.27979      0.919772208    
   2952.95972      0.918981910    
   2960.64966      0.918196917    
   2968.34961      0.917417347    
   2976.05957      0.916643262    
   2983.77954      0.915874720    
   2991.50952      0.915111780    
   2999.24951      0.914354503    
   3006.99951      0.913602948    
   3014.75952      0.912857175    
   3022.52954      0.912117302    
   3030.30957      0.911383331    
   3038.09961      0.910655320    
   3045.89966      0.909933329    
   3053.70972      0.909217417    
   3061.52979      0.908507645    
   3069.35986      0.907804012    
   3077.19995      0.907106638    
   3085.05005      0.906415582    
   3092.91016      0.905730903    
   3100.78027      0.905052602    
   3108.66016      0.904380739    
   3116.55005      0.903715432    
   3124.44995      0.903056681    
   3132.35986      0.902404547    
   3140.27979      0.901759088    
   3148.20972      0.901120305    
   3156.14966      0.900488317    
   3164.09961      0.899863124    
   3172.05957      0.899244785    
   3180.02954      0.898633361    
   3188.00952      0.898028910    
   3195.99951      0.897431433    
   3203.99951      0.896840990    
   3212.00952      0.896257639    
   3220.02954      0.895681441    
   3228.05957      0.895112395    
   3236.09961      0.894550562    
   3244.14966      0.893996000    
   3252.20972      0.893448770    
   3260.27979      0.892908871    
   3268.35986      0.892376363    
   3276.44995      0.891851246    
   3284.55005      0.891333580    
   3292.66016      0.890823424    
   3300.78027      0.890320837    
   3308.91016      0.889825821    
   3317.05005      0.889338374    
   3325.19995      0.888858616    
   3333.35986      0.888386488    
   3341.52979      0.887922108    
   3349.70972      0.887465477    
   3357.89966      0.887016594    
   3366.09961      0.886575580    
   3374.30957      0.886142373    
   3382.52954      0.885717034    
   3390.75952      0.885299623    
   3398.99951      0.884890139    
   3407.24951      0.884488642    
   3415.50952      0.884095132    
   3423.77954      0.883709669    
   3432.05957      0.883332253    
   3440.34961      0.882962942    
   3448.64966      0.882601738    
   3456.95972      0.882248640    
   3465.27979      0.881903708    
   3473.60986      0.881566942    
   3481.94995      0.881238401    
   3490.30005      0.880918086    
   3498.66016      0.880606055    
   3507.03027      0.880302250    
   3515.41016      0.880006790    
   3523.80005      0.879719615    
   3532.19995      0.879440784    
   3540.60986      0.879170358    
   3549.02979      0.878908277    
   3557.45972      0.878654599    
   3565.89966      0.878409326    
   3574.34961      0.878172517    
   3582.80957      0.877944112    
   3591.27954      0.877724230    
   3599.75952      0.877512813    
   3608.24951      0.877309859    
   3616.74951      0.877115428    
   3625.25952      0.876929522    
   3633.77954      0.876752198    
   3642.30957      0.876583397    
   3650.84961      0.876423180    
   3659.39966      0.876271546    
   3667.95972      0.876128495    
   3676.52979      0.875994027    
   3685.10986      0.875868142    
   3693.69995      0.875750899    
   3702.30005      0.875642300    
   3710.91016      0.875542343    
   3719.53027      0.875451028    
   3728.16016      0.875368357    
   3736.80005      0.875294328    
   3745.44995      0.875228941    
   3754.10986      0.875172257    
   3762.77979      0.875124216    
   3771.45972      0.875084877    
   3780.14966      0.875054181    
   3788.84961      0.875032187    
   3797.55957      0.875018835    
   3806.27954      0.875014186    
   3815.00952      0.875018239    
   3823.74951      0.875030994    
   3832.49951      0.875052392    
   3841.25952      0.875082493    
   3850.02954      0.875121295    
   3858.80957      0.875168741    
   3867.59961      0.875224888    
   3876.39966      0.875289738    
   3885.20972      0.875363231    
   3894.02979      0.875445426    
   3902.85986      0.875536263    
   3911.69995      0.875635743    
   3920.55005      0.875743926    
   3929.41016      0.875860751    
   3938.28027      0.875986218    
   3947.16016      0.876120269    
   3956.05005      0.876262963    
   3964.94995      0.876414299    
   3973.85986      0.876574218    
   3982.77979      0.876742721    
   3991.70972      0.876919806    
   4000.64966      0.877105474    
   4009.59961      0.877299726    
   4018.55957      0.877502501    
   4027.52954      0.877713859    
   4036.50952      0.877933741    
   4045.49951      0.878162086    
   4054.49951      0.878398955    
   4063.50952      0.878644288    
   4072.52954      0.878898084    
   4081.55957      0.879160345    
   4090.59961      0.879431069    
   4099.64941      0.879710197    
   4108.70947      0.879997730    
   4117.77930      0.880293608    
   4126.85938      0.880597889    
   4135.94922      0.880910456    
   4145.04932      0.881231368    
   4154.15918      0.881560564    
   4163.27930      0.881898046    
   4172.40918      0.882243812    
   4181.54932      0.882597804    
   4190.69922      0.882959962    
   4199.85938      0.883330345    
   4209.02930      0.883708894    
   4218.20947      0.884095550    
   4227.39941      0.884490311    
   4236.59961      0.884893179    
   4245.80957      0.885304093    
   4255.02979      0.885723054    
   4264.25977      0.886150002    
   4273.50000      0.886584938    
   4282.75000      0.887027800    
   4292.00977      0.887478590    
   4301.27979      0.887937248    
   4310.55957      0.888403773    
   4319.84961      0.888878107    
   4329.14941      0.889360249    
   4338.45947      0.889850140    
   4347.77930      0.890347779    
   4357.10938      0.890853107    
   4366.44922      0.891366065    
   4375.79932      0.891886652    
   4385.15918      0.892414808    
   4394.52930      0.892950535    
   4403.90918      0.893493772    
   4413.29932      0.894044459    
   4422.69922      0.894602597    
   4432.10938      0.895168126    
   4441.52930      0.895741045    
   4450.95947      0.896321297    
   4460.39941      0.896908820    
   4469.84961      0.897503555    
   4479.30957      0.898105502    
   4488.77979      0.898714602    
   4498.25977      0.899330795    
   4507.75000      0.899954081    
   4517.25000      0.900584340    
   4526.75977      0.901221633    
   4536.27979      0.901865840    
   4545.80957      0.902516901    
   4555.34961      0.903174818    
   4564.89941      0.903839529    
   4574.45947      0.904510975    
   4584.02930      0.905189157    
   4593.60938      0.905873954    
   4603.19922      0.906565368    
   4612.79932      0.907263339    
   4622.40918      0.907967806    
   4632.02930      0.908678710    
   4641.65918      0.909395993    
   4651.29932      0.910119653    
   4660.94922      0.910849571    
   4670.60938      0.911585748    
   4680.27930      0.912328124    
   4689.95947      0.913076580    
   4699.64941      0.913831115    
   4709.34961      0.914591670    
   4719.05957      0.915358186    
   4728.77979      0.916130602    
   4738.50977      0.916908860    
   4748.25000      0.917692900    
   4758.00000      0.918482661    
   4767.75977      0.919278085    
   4777.52979      0.920079112    
   4787.30957      0.920885682    
   4797.09961      0.921697736    
   4806.89941      0.922515213    
   4816.70947      0.923338056    
   4826.52930      0.924166203    
   4836.35938      0.924999595    
   4846.19922      0.925838172    
   4856.04932      0.926681817    
   4865.90918      0.927530527    
   4875.77930      0.928384185    
   4885.65918      0.929242730    
   4895.54932      0.930106103    
   4905.44922      0.930974245    
   4915.35938      0.931847095    
   4925.27930      0.932724595    
   4935.20947      0.933606625    
   4945.14941      0.934493184    
   4955.09961      0.935384154    
   4965.05957      0.936279476    
   4975.02979      0.937179089    
   4985.00977      0.938082874    
   4995.00000      0.938990772    
