   1.10000002      0.458257645    
   1.20000005      0.663324952    
   1.29999995      0.830662310    
   1.39999998      0.979795873    
   1.50000000       1.11803401    
   1.60000002       1.24899960    
   1.70000005       1.37477279    
   1.79999995       1.49666286    
   1.90000010       1.61554945    
   2.00000000       1.73205078    
   2.09999990       1.84661841    
   2.20000005       1.95959175    
   2.30000019       2.07123184    
   2.40000010       2.18174243    
   2.50000000       2.29128790    
   2.59999990       2.39999986    
   2.70000005       2.50798726    
   2.80000019       2.61533952    
   2.90000010       2.72213173    
   3.00000000       2.82842708    
   3.10000014       2.93428016    
   3.20000005       3.03973675    
   3.29999995       3.14483714    
   3.40000010       3.24961543    
   3.50000000       3.35410190    
   3.60000014       3.45832348    
   3.70000005       3.56230259    
   3.79999995       3.66606069    
   3.90000010       3.76961541    
   4.00000000       3.87298346    
   4.10000038       3.97617936    
   4.19999981       4.07921505    
   4.30000019       4.18210506    
   4.40000010       4.28485680    
   4.50000000       4.38748217    
   4.60000038       4.48998928    
   4.69999981       4.59238482    
   4.80000019       4.69467783    
   4.90000010       4.79687405    
   5.00000000       4.89897919    
   5.09999990       5.00099993    
   5.20000029       5.10294056    
   5.30000019       5.20480585    
   5.40000010       5.30659962    
   5.50000000       5.40832710    
   5.59999990       5.50999069    
   5.70000029       5.61159563    
   5.80000019       5.71314287    
   5.90000010       5.81463671    
   6.00000000       5.91607952    
   6.09999990       6.01747465    
   6.20000029       6.11882353    
   6.30000019       6.22012901    
   6.40000010       6.32139254    
   6.50000000       6.42261600    
   6.59999990       6.52380228    
   6.70000029       6.62495279    
   6.80000019       6.72606897    
   6.90000010       6.82715178    
   7.00000000       6.92820358    
   7.09999990       7.02922487    
   7.20000029       7.13021755    
   7.30000019       7.23118258    
   7.40000010       7.33212137    
   7.50000000       7.43303394    
   7.59999990       7.53392315    
   7.70000029       7.63478899    
   7.80000019       7.73563194    
   7.90000010       7.83645344    
   8.00000000       7.93725395    
   8.10000038       8.03803539    
   8.20000076       8.13879681    
   8.30000019       8.23953915    
   8.39999962       8.34026337    
   8.50000000       8.44097137    
   8.60000038       8.54166317    
   8.70000076       8.64233875    
   8.80000019       8.74299717    
   8.89999962       8.84364128    
   9.00000000       8.94427204    
   9.10000038       9.04488850    
   9.19999981       9.14549065    
   9.30000019       9.24608040    
   9.40000057       9.34665775    
   9.50000000       9.44722176    
   9.60000038       9.54777527    
   9.69999981       9.64831543    
   9.80000019       9.74884605    
   9.90000057       9.84936619    
   10.0000000       9.94987392    
   10.1000004       10.0503731    
   10.1999998       10.1508617    
   10.3000002       10.2513418    
   10.4000006       10.3518114    
   10.5000000       10.4522724    
   10.6000004       10.5527248    
   10.6999998       10.6531687    
   10.8000002       10.7536039    
   10.9000006       10.8540325    
   11.0000000       10.9544516    
   11.1000004       11.0548630    
   11.1999998       11.1552677    
   11.3000002       11.2556658    
   11.4000006       11.3560562    
   11.5000000       11.4564390    
   11.6000004       11.5568171    
   11.6999998       11.6571865    
   11.8000002       11.7575512    
   11.9000006       11.8579092    
   12.0000000       11.9582615    
   12.1000004       12.0586071    
   12.1999998       12.1589470    
   12.3000002       12.2592821    
   12.4000006       12.3596125    
   12.5000000       12.4599361    
   12.6000004       12.5602551    
   12.6999998       12.6605692    
   12.8000002       12.7608786    
   12.9000006       12.8611822    
   13.0000000       12.9614820    
   13.1000004       13.0617771    
   13.1999998       13.1620665    
   13.3000002       13.2623529    
   13.4000006       13.3626347    
   13.5000000       13.4629126    
   13.6000004       13.5631857    
   13.6999998       13.6634541    
   13.8000002       13.7637215    
   13.9000006       13.8639832    
   14.0000000       13.9642401    
   14.1000004       14.0644951    
   14.1999998       14.1647444    
   14.3000002       14.2649927    
   14.4000006       14.3652363    
   14.5000000       14.4654760    
   14.6000004       14.5657129    
   14.6999998       14.6659470    
   14.8000002       14.7661781    
   14.9000006       14.8664055    
   15.0000000       14.9666300    
   15.1000004       15.0668516    
   15.1999998       15.1670694    
   15.3000002       15.2672853    
   15.4000006       15.3674994    
   15.5000000       15.4677086    
   15.6000004       15.5679169    
   15.6999998       15.6681204    
   15.8000002       15.7683220    
   15.9000006       15.8685236    
   16.0000000       15.9687195    
   16.1000004       16.0689144    
   16.2000008       16.1691074    
   16.2999992       16.2692947    
   16.4000015       16.3694859    
   16.5000000       16.4696693    
   16.6000004       16.5698528    
   16.7000008       16.6700325    
   16.7999992       16.7702103    
   16.9000015       16.8703899    
   17.0000000       16.9705620    
   17.1000004       17.0707340    
   17.2000008       17.1709061    
   17.3000011       17.2710743    
   17.3999996       17.3712406    
   17.5000000       17.4714050    
   17.6000004       17.5715675    
   17.7000008       17.6717300    
   17.8000011       17.7718887    
   17.8999996       17.8720455    
   18.0000000       17.9722004    
   18.1000004       18.0723553    
   18.2000008       18.1725082    
   18.3000011       18.2726574    
   18.3999996       18.3728046    
   18.5000000       18.4729538    
   18.6000004       18.5730991    
   18.7000008       18.6732426    
   18.8000011       18.7733860    
   18.8999996       18.8735256    
   19.0000000       18.9736671    
   19.1000004       19.0738049    
   19.2000008       19.1739407    
   19.3000011       19.2740765    
   19.3999996       19.3742085    
   19.5000000       19.4743404    
   19.6000004       19.5744743    
   19.7000008       19.6746044    
   19.8000011       19.7747326    
   19.8999996       19.8748589    
   20.0000000       19.9749832    
   20.1000004       20.0751095    
   20.2000008       20.1752338    
   20.3000011       20.2753563    
   20.3999996       20.3754749    
   20.5000000       20.4755955    
   20.6000004       20.5757141    
   20.7000008       20.6758327    
   20.8000011       20.7759476    
   20.8999996       20.8760624    
   21.0000000       20.9761772    
   21.1000004       21.0762901    
   21.2000008       21.1764030    
   21.3000011       21.2765141    
   21.3999996       21.3766212    
   21.5000000       21.4767323    
   21.6000004       21.5768394    
   21.7000008       21.6769466    
   21.8000011       21.7770519    
   21.8999996       21.8771553    
   22.0000000       21.9772606    
   22.1000004       22.0773640    
   22.2000008       22.1774654    
   22.3000011       22.2775688    
   22.3999996       22.3776665    
   22.5000000       22.4777679    
   22.6000004       22.5778656    
   22.7000008       22.6779633    
   22.8000011       22.7780609    
   22.8999996       22.8781548    
   23.0000000       22.9782505    
   23.1000004       23.0783443    
   23.2000008       23.1784382    
   23.3000011       23.2785320    
   23.3999996       23.3786221    
   23.5000000       23.4787140    
   23.6000004       23.5788040    
   23.7000008       23.6788940    
   23.8000011       23.7789841    
   23.8999996       23.8790703    
   24.0000000       23.9791565    
   24.1000004       24.0792446    
   24.2000008       24.1793308    
   24.3000011       24.2794170    
   24.3999996       24.3794994    
   24.5000000       24.4795837    
   24.6000004       24.5796661    
   24.7000008       24.6797485    
   24.8000011       24.7798309    
   24.8999996       24.8799114    
   25.0000000       24.9799919    
   25.1000004       25.0800724    
   25.2000008       25.1801510    
   25.3000011       25.2802296    
   25.3999996       25.3803062    
   25.5000000       25.4803848    
   25.6000004       25.5804615    
   25.7000008       25.6805382    
   25.8000011       25.7806149    
   25.8999996       25.8806877    
   26.0000000       25.9807625    
   26.1000004       26.0808353    
   26.2000008       26.1809101    
   26.3000011       26.2809830    
   26.3999996       26.3810539    
   26.5000000       26.4811249    
   26.6000004       26.5811958    
   26.7000008       26.6812687    
   26.8000011       26.7813377    
   26.8999996       26.8814049    
   27.0000000       26.9814758    
   27.1000004       27.0815449    
   27.2000008       27.1816120    
   27.3000011       27.2816811    
   27.3999996       27.3817463    
   27.5000000       27.4818115    
   27.6000004       27.5818787    
   27.7000008       27.6819439    
   27.8000011       27.7820091    
   27.8999996       27.8820724    
   28.0000000       27.9821377    
   28.1000004       28.0822010    
   28.2000008       28.1822643    
   28.3000011       28.2823277    
   28.3999996       28.3823872    
   28.5000000       28.4824505    
   28.6000004       28.5825119    
   28.7000008       28.6825752    
   28.8000011       28.7826347    
   28.8999996       28.8826923    
   29.0000000       28.9827538    
   29.1000004       29.0828133    
   29.2000008       29.1828728    
   29.3000011       29.2829323    
   29.3999996       29.3829880    
   29.5000000       29.4830456    
   29.6000004       29.5831032    
   29.7000008       29.6831608    
   29.8000011       29.7832184    
   29.8999996       29.8832722    
   30.0000000       29.9833298    
   30.1000004       30.0833836    
   30.2000008       30.1834393    
   30.3000011       30.2834969    
   30.3999996       30.3835487    
   30.5000000       30.4836025    
   30.6000004       30.5836563    
   30.7000008       30.6837101    
   30.8000011       30.7837639    
   30.8999996       30.8838139    
   31.0000000       30.9838676    
   31.1000004       31.0839195    
   31.2000008       31.1839695    
   31.3000011       31.2840214    
   31.3999996       31.3840733    
   31.5000000       31.4841232    
   31.6000004       31.5841732    
   31.7000008       31.6842232    
   31.8000011       31.7842731    
   31.8999996       31.8843212    
   32.0000000       31.9843712    
   32.0999985       32.0844193    
   32.2000008       32.1844711    
   32.3000031       32.2845192    
   32.4000015       32.3845673    
   32.5000000       32.4846115    
   32.5999985       32.5846558    
   32.7000008       32.6847076    
   32.8000031       32.7847557    
   32.9000015       32.8848000    
   33.0000000       32.9848442    
   33.1000023       33.0848923    
   33.2000008       33.1849365    
   33.2999992       33.2849808    
   33.4000015       33.3850288    
   33.5000000       33.4850693    
   33.6000023       33.5851173    
   33.7000008       33.6851616    
   33.7999992       33.7852020    
   33.9000015       33.8852501    
   34.0000000       33.9852905    
   34.1000023       34.0853348    
   34.2000008       34.1853752    
   34.2999992       34.2854195    
   34.4000015       34.3854637    
   34.5000000       34.4855042    
   34.6000023       34.5855484    
   34.7000008       34.6855888    
   34.7999992       34.7856293    
   34.9000015       34.8856735    
   35.0000000       34.9857101    
   35.1000023       35.0857544    
   35.2000008       35.1857948    
   35.2999992       35.2858315    
   35.4000015       35.3858757    
   35.5000000       35.4859123    
   35.6000023       35.5859566    
   35.7000008       35.6859932    
   35.7999992       35.7860298    
   35.9000015       35.8860703    
   36.0000000       35.9861069    
   36.1000023       36.0861511    
   36.2000008       36.1861839    
   36.2999992       36.2862244    
   36.4000015       36.3862648    
   36.5000000       36.4862976    
   36.6000023       36.5863380    
   36.7000008       36.6863747    
   36.7999992       36.7864075    
   36.9000015       36.8864479    
   37.0000000       36.9864845    
   37.1000023       37.0865211    
   37.2000008       37.1865578    
   37.2999992       37.2865906    
   37.4000015       37.3866310    
   37.5000000       37.4866638    
   37.6000023       37.5867004    
   37.7000008       37.6867371    
   37.7999992       37.7867699    
   37.9000015       37.8868065    
   38.0000000       37.9868393    
   38.1000023       38.0868759    
   38.2000008       38.1869125    
   38.2999992       38.2869453    
   38.4000015       38.3869781    
   38.5000000       38.4870110    
   38.6000023       38.5870476    
   38.7000008       38.6870804    
   38.7999992       38.7871094    
   38.9000015       38.8871460    
   39.0000000       38.9871788    
   39.1000023       39.0872116    
   39.2000008       39.1872444    
   39.2999992       39.2872734    
   39.4000015       39.3873100    
   39.5000000       39.4873390    
   39.6000023       39.5873756    
   39.7000008       39.6874046    
   39.7999992       39.7874374    
   39.9000015       39.8874664    
   40.0000000       39.9874954    
   40.1000023       40.0875320    
   40.2000008       40.1875610    
   40.2999992       40.2875900    
   40.4000015       40.3876228    
   40.5000000       40.4876518    
   40.6000023       40.5876846    
   40.7000008       40.6877136    
   40.7999992       40.7877426    
   40.9000015       40.8877754    
   41.0000000       40.9878044    
   41.1000023       41.0878334    
   41.2000008       41.1878624    
   41.2999992       41.2878914    
   41.4000015       41.3879242    
   41.5000000       41.4879494    
   41.6000023       41.5879822    
   41.7000008       41.6880074    
   41.7999992       41.7880363    
   41.9000015       41.8880653    
   42.0000000       41.9880943    
   42.1000023       42.0881233    
   42.2000008       42.1881523    
   42.2999992       42.2881775    
   42.4000015       42.3882065    
   42.5000000       42.4882317    
   42.6000023       42.5882645    
   42.7000008       42.6882896    
   42.7999992       42.7883148    
   42.9000015       42.8883438    
   43.0000000       42.9883690    
   43.1000023       43.0883980    
   43.2000008       43.1884232    
   43.2999992       43.2884483    
   43.4000015       43.3884811    
   43.5000000       43.4885025    
   43.6000023       43.5885315    
   43.7000008       43.6885567    
   43.7999992       43.7885818    
   43.9000015       43.8886108    
   44.0000000       43.9886322    
   44.1000023       44.0886612    
   44.2000008       44.1886864    
   44.2999992       44.2887115    
   44.4000015       44.3887367    
   44.5000000       44.4887619    
   44.6000023       44.5887909    
   44.7000008       44.6888123    
   44.7999992       44.7888374    
   44.9000015       44.8888626    
   45.0000000       44.9888878    
   45.1000023       45.0889130    
   45.2000008       45.1889343    
   45.2999992       45.2889595    
   45.4000015       45.3889885    
   45.5000000       45.4890099    
   45.6000023       45.5890388    
   45.7000008       45.6890602    
   45.7999992       45.7890816    
   45.9000015       45.8891068    
   46.0000000       45.9891281    
   46.1000023       46.0891571    
   46.2000008       46.1891785    
   46.2999992       46.2891998    
   46.4000015       46.3892250    
   46.5000000       46.4892464    
   46.6000023       46.5892715    
   46.7000008       46.6892929    
   46.7999992       46.7893143    
   46.9000015       46.8893394    
   47.0000000       46.9893608    
   47.1000023       47.0893860    
   47.2000008       47.1894073    
   47.2999992       47.2894287    
   47.4000015       47.3894539    
   47.5000000       47.4894753    
   47.6000023       47.5894966    
   47.7000008       47.6895180    
   47.7999992       47.7895355    
   47.9000015       47.8895645    
   48.0000000       47.9895821    
   48.1000023       48.0896072    
   48.2000008       48.1896248    
   48.2999992       48.2896461    
   48.4000015       48.3896713    
   48.5000000       48.4896927    
   48.6000023       48.5897141    
   48.7000008       48.6897354    
   48.7999992       48.7897530    
   48.9000015       48.8897781    
   49.0000000       48.9897957    
   49.1000023       49.0898170    
   49.2000008       49.1898384    
   49.2999992       49.2898560    
   49.4000015       49.3898773    
   49.5000000       49.4898987    
   49.6000023       49.5899200    
   49.7000008       49.6899414    
   49.7999992       49.7899590    
   49.9000015       49.8899803    
   50.0000000       49.9899979    
   50.1000023       50.0900230    
   50.2000008       50.1900406    
   50.2999992       50.2900581    
   50.4000015       50.3900795    
   50.5000000       50.4900970    
   50.6000023       50.5901184    
   50.7000008       50.6901360    
   50.7999992       50.7901573    
   50.9000015       50.8901787    
   51.0000000       50.9901962    
   51.1000023       51.0902176    
   51.2000008       51.1902351    
   51.2999992       51.2902527    
   51.4000015       51.3902740    
   51.5000000       51.4902916    
   51.6000023       51.5903130    
   51.7000008       51.6903267    
   51.7999992       51.7903442    
   51.9000015       51.8903656    
   52.0000000       51.9903831    
   52.1000023       52.0904045    
   52.2000008       52.1904221    
   52.2999992       52.2904396    
   52.4000015       52.3904610    
   52.5000000       52.4904747    
   52.6000023       52.5904961    
   52.7000008       52.6905098    
   52.7999992       52.7905312    
   52.9000015       52.8905487    
   53.0000000       52.9905624    
   53.1000023       53.0905876    
   53.2000008       53.1906013    
   53.2999992       53.2906189    
   53.4000015       53.3906364    
   53.5000000       53.4906540    
   53.6000023       53.5906715    
   53.7000008       53.6906891    
   53.7999992       53.7907066    
   53.9000015       53.8907242    
   54.0000000       53.9907417    
   54.1000023       54.0907593    
   54.2000008       54.1907730    
   54.2999992       54.2907906    
   54.4000015       54.3908081    
   54.5000000       54.4908257    
   54.6000023       54.5908432    
   54.7000008       54.6908569    
   54.7999992       54.7908745    
   54.9000015       54.8908958    
   55.0000000       54.9909096    
   55.1000023       55.0909271    
   55.2000008       55.1909447    
   55.2999992       55.2909584    
   55.4000015       55.3909760    
   55.5000000       55.4909897    
   55.6000023       55.5910072    
   55.7000008       55.6910248    
   55.7999992       55.7910385    
   55.9000015       55.8910561    
   56.0000000       55.9910698    
   56.1000023       56.0910873    
   56.2000008       56.1911049    
   56.2999992       56.2911148    
   56.4000015       56.3911362    
   56.5000000       56.4911499    
   56.6000023       56.5911674    
   56.7000008       56.6911812    
   56.7999992       56.7911987    
   56.9000015       56.8912125    
   57.0000000       56.9912262    
   57.1000023       57.0912437    
   57.2000008       57.1912575    
   57.2999992       57.2912712    
   57.4000015       57.3912926    
   57.5000000       57.4913063    
   57.6000023       57.5913200    
   57.7000008       57.6913338    
   57.7999992       57.7913475    
   57.9000015       57.8913651    
   58.0000000       57.9913788    
   58.1000023       58.0913963    
   58.2000008       58.1914062    
   58.2999992       58.2914238    
   58.4000015       58.3914375    
   58.5000000       58.4914551    
   58.6000023       58.5914688    
   58.7000008       58.6914825    
   58.7999992       58.7914963    
   58.9000015       58.8915138    
   59.0000000       58.9915237    
   59.1000023       59.0915413    
   59.2000008       59.1915550    
   59.2999992       59.2915649    
   59.4000015       59.3915825    
   59.5000000       59.4915962    
   59.6000023       59.5916100    
   59.7000008       59.6916237    
   59.7999992       59.7916374    
   59.9000015       59.8916550    
   60.0000000       59.9916687    
   60.1000023       60.0916824    
   60.2000008       60.1916924    
   60.2999992       60.2917061    
   60.4000015       60.3917198    
   60.5000000       60.4917336    
   60.6000023       60.5917473    
   60.7000008       60.6917610    
   60.7999992       60.7917747    
   60.9000015       60.8917923    
   61.0000000       60.9918022    
   61.1000023       61.0918198    
   61.2000008       61.1918297    
   61.2999992       61.2918396    
   61.4000015       61.3918571    
   61.5000000       61.4918709    
   61.6000023       61.5918846    
   61.7000008       61.6918945    
   61.7999992       61.7919083    
   61.9000015       61.8919220    
   62.0000000       61.9919319    
   62.1000023       62.0919533    
   62.2000008       62.1919632    
   62.2999992       62.2919693    
   62.4000015       62.3919868    
   62.5000000       62.4919968    
   62.6000023       62.5920143    
   62.7000008       62.6920242    
   62.7999992       62.7920380    
   62.9000015       62.8920479    
   63.0000000       62.9920616    
   63.1000023       63.0920792    
   63.2000008       63.1920891    
   63.2999992       63.2920990    
   63.4000015       63.3921165    
   63.5000000       63.4921227    
   63.6000023       63.5921402    
   63.7000008       63.6921501    
   63.7999992       63.7921600    
   63.9000015       63.8921738    
   64.0000000       63.9921875    
   64.1000061       64.0922012    
   64.1999969       64.1922073    
   64.3000031       64.2922287    
   64.4000015       64.3922348    
   64.5000000       64.4922485    
   64.6000061       64.5922699    
   64.6999969       64.6922684    
   64.8000031       64.7922897    
   64.9000015       64.8922958    
   65.0000000       64.9923019    
   65.0999985       65.0923157    
   65.2000046       65.1923294    
   65.3000031       65.2923431    
   65.4000015       65.3923569    
   65.5000000       65.4923630    
   65.5999985       65.5923767    
   65.7000046       65.6923904    
   65.8000031       65.7924042    
   65.9000015       65.8924103    
   66.0000000       65.9924240    
   66.0999985       66.0924377    
   66.2000046       66.1924515    
   66.3000031       66.2924576    
   66.4000015       66.3924713    
   66.5000000       66.4924774    
   66.5999985       66.5924911    
   66.7000046       66.6925049    
   66.8000031       66.7925186    
   66.9000015       66.8925247    
   67.0000000       66.9925385    
   67.0999985       67.0925446    
   67.2000046       67.1925659    
   67.3000031       67.2925720    
   67.4000015       67.3925781    
   67.5000000       67.4925919    
   67.5999985       67.5925980    
   67.7000046       67.6926193    
   67.8000031       67.7926254    
   67.9000015       67.8926392    
   68.0000000       67.9926453    
   68.0999985       68.0926590    
   68.2000046       68.1926727    
   68.3000031       68.2926865    
   68.4000015       68.3926926    
   68.5000000       68.4926987    
   68.5999985       68.5927048    
   68.7000046       68.6927261    
   68.8000031       68.7927399    
   68.9000015       68.8927460    
   69.0000000       68.9927521    
   69.0999985       69.0927582    
   69.2000046       69.1927795    
   69.3000031       69.2927856    
   69.4000015       69.3927994    
   69.5000000       69.4928055    
   69.5999985       69.5928116    
   69.7000046       69.6928329    
   69.8000031       69.7928391    
   69.9000015       69.8928452    
   70.0000000       69.9928589    
   70.0999985       70.0928650    
   70.2000046       70.1928864    
   70.3000031       70.2928848    
   70.4000015       70.3928986    
   70.5000000       70.4929047    
   70.5999985       70.5929184    
   70.7000046       70.6929321    
   70.8000031       70.7929382    
   70.9000015       70.8929520    
   71.0000000       70.9929581    
   71.0999985       71.0929642    
   71.2000046       71.1929779    
   71.3000031       71.2929916    
   71.4000015       71.3929977    
   71.5000000       71.4930038    
   71.5999985       71.5930099    
   71.7000046       71.6930313    
   71.8000031       71.7930374    
   71.9000015       71.8930435    
   72.0000000       71.9930573    
   72.0999985       72.0930634    
   72.2000046       72.1930771    
   72.3000031       72.2930832    
   72.4000015       72.3930893    
   72.5000000       72.4931030    
   72.5999985       72.5931091    
   72.7000046       72.6931305    
   72.8000031       72.7931366    
   72.9000015       72.8931427    
   73.0000000       72.9931488    
   73.0999985       73.0931549    
   73.2000046       73.1931686    
   73.3000031       73.2931824    
   73.4000015       73.3931885    
   73.5000000       73.4931946    
   73.5999985       73.5932007    
   73.7000046       73.6932144    
   73.8000031       73.7932281    
   73.9000015       73.8932343    
   74.0000000       73.9932404    
   74.0999985       74.0932465    
   74.2000046       74.1932678    
   74.3000031       74.2932739    
   74.4000015       74.3932800    
   74.5000000       74.4932861    
   74.5999985       74.5932922    
   74.7000046       74.6933060    
   74.8000031       74.7933121    
   74.9000015       74.8933258    
   75.0000000       74.9933319    
   75.0999985       75.0933380    
   75.2000046       75.1933517    
   75.3000031       75.2933578    
   75.4000015       75.3933716    
   75.5000000       75.4933777    
   75.5999985       75.5933838    
   75.7000046       75.6933975    
   75.8000031       75.7934036    
   75.9000015       75.8934174    
   76.0000000       75.9934158    
   76.0999985       76.0934296    
   76.2000046       76.1934433    
   76.3000031       76.2934494    
   76.4000015       76.3934555    
   76.5000000       76.4934616    
   76.5999985       76.5934677    
   76.7000046       76.6934891    
   76.8000031       76.7934952    
   76.9000015       76.8934937    
   77.0000000       76.9935074    
   77.0999985       77.0935135    
   77.2000046       77.1935272    
   77.3000031       77.2935333    
   77.4000015       77.3935394    
   77.5000000       77.4935455    
   77.5999985       77.5935516    
   77.7000046       77.6935654    
   77.8000031       77.7935791    
   77.9000015       77.8935776    
   78.0000000       77.9935913    
   78.0999985       78.0935898    
   78.2000046       78.1936111    
   78.3000031       78.2936172    
   78.4000015       78.3936234    
   78.5000000       78.4936295    
   78.5999985       78.5936356    
   78.7000046       78.6936493    
   78.8000031       78.7936554    
   78.9000015       78.8936615    
   79.0000000       78.9936676    
   79.0999985       79.0936737    
   79.2000046       79.1936874    
   79.3000031       79.2937012    
   79.4000015       79.3936996    
   79.5000000       79.4937057    
   79.5999985       79.5937195    
   79.7000046       79.6937256    
   79.8000031       79.7937317    
   79.9000015       79.8937454    
   80.0000000       79.9937515    
   80.0999985       80.0937500    
   80.2000046       80.1937714    
   80.3000031       80.2937775    
   80.4000015       80.3937836    
   80.5000000       80.4937897    
   80.5999985       80.5937881    
   80.7000046       80.6938095    
   80.8000031       80.7938156    
   80.9000015       80.8938217    
   81.0000000       80.9938278    
   81.0999985       81.0938339    
   81.2000046       81.1938400    
   81.3000031       81.2938538    
   81.4000015       81.3938599    
   81.5000000       81.4938660    
   81.5999985       81.5938721    
   81.7000046       81.6938858    
   81.8000031       81.7938919    
   81.9000015       81.8938980    
   82.0000000       81.9938965    
   82.0999985       82.0939026    
   82.2000046       82.1939163    
   82.3000031       82.2939224    
   82.4000015       82.3939285    
   82.5000000       82.4939346    
   82.5999985       82.5939407    
   82.7000046       82.6939545    
   82.8000031       82.7939606    
   82.9000015       82.8939667    
   83.0000000       82.9939728    
   83.0999985       83.0939789    
   83.2000046       83.1939926    
   83.3000031       83.2939987    
   83.4000015       83.3940048    
   83.5000000       83.4940109    
   83.5999985       83.5940170    
   83.7000046       83.6940308    
   83.8000031       83.7940369    
   83.9000015       83.8940430    
   84.0000000       83.9940491    
   84.0999985       84.0940552    
   84.2000046       84.1940689    
   84.3000031       84.2940674    
   84.4000015       84.3940735    
   84.5000000       84.4940796    
   84.5999985       84.5940857    
   84.7000046       84.6940994    
   84.8000031       84.7941055    
   84.9000015       84.8941116    
   85.0000000       84.9941177    
   85.0999985       85.0941162    
   85.2000046       85.1941376    
   85.3000031       85.2941437    
   85.4000015       85.3941498    
   85.5000000       85.4941483    
   85.5999985       85.5941544    
   85.7000046       85.6941681    
   85.8000031       85.7941742    
   85.9000015       85.8941803    
   86.0000000       85.9941864    
   86.0999985       86.0941925    
   86.2000046       86.1942062    
   86.3000031       86.2942047    
   86.4000015       86.3942108    
   86.5000000       86.4942169    
   86.5999985       86.5942230    
   86.7000046       86.6942368    
   86.8000031       86.7942429    
   86.9000015       86.8942490    
   87.0000000       86.9942474    
   87.0999985       87.0942535    
   87.2000046       87.1942749    
   87.3000031       87.2942734    
   87.4000015       87.3942795    
   87.5000000       87.4942856    
   87.5999985       87.5942917    
   87.7000046       87.6942978    
   87.8000031       87.7943115    
   87.9000015       87.8943100    
   88.0000000       87.9943161    
   88.0999985       88.0943222    
   88.2000046       88.1943359    
   88.3000031       88.2943420    
   88.4000015       88.3943405    
   88.5000000       88.4943542    
   88.5999985       88.5943527    
   88.7000046       88.6943665    
   88.8000031       88.7943726    
   88.9000015       88.8943710    
   89.0000000       88.9943848    
   89.0999985       89.0943832    
   89.2000046       89.1943970    
   89.3000031       89.2944031    
   89.4000015       89.3944092    
   89.5000000       89.4944153    
   89.5999985       89.5944214    
   89.7000046       89.6944275    
   89.8000031       89.7944336    
   89.9000015       89.8944397    
   90.0000000       89.9944458    
   90.0999985       90.0944443    
   90.2000046       90.1944580    
   90.3000031       90.2944641    
   90.4000015       90.3944702    
   90.5000000       90.4944763    
   90.5999985       90.5944824    
   90.7000046       90.6944885    
   90.8000031       90.7944946    
   90.9000015       90.8945007    
   91.0000000       90.9945068    
   91.0999985       91.0945053    
   91.2000046       91.1945190    
   91.3000031       91.2945251    
   91.4000015       91.3945312    
   91.5000000       91.4945374    
   91.5999985       91.5945358    
   91.7000046       91.6945496    
   91.8000031       91.7945557    
   91.9000015       91.8945541    
   92.0000000       91.9945679    
   92.0999985       92.0945663    
   92.2000046       92.1945801    
   92.3000031       92.2945862    
   92.4000015       92.3945847    
   92.5000000       92.4945908    
   92.5999985       92.5945969    
   92.7000046       92.6946106    
   92.8000031       92.7946167    
   92.9000015       92.8946228    
   93.0000000       92.9946213    
   93.0999985       93.0946274    
   93.2000046       93.1946411    
   93.3000031       93.2946396    
   93.4000015       93.3946457    
   93.5000000       93.4946518    
   93.5999985       93.5946503    
   93.7000046       93.6946640    
   93.8000031       93.7946701    
   93.9000015       93.8946762    
   94.0000000       93.9946747    
   94.0999985       94.0946808    
   94.2000046       94.1946945    
   94.3000031       94.2947006    
   94.4000015       94.3946991    
   94.5000000       94.4947052    
   94.5999985       94.5947113    
   94.7000046       94.6947250    
   94.8000031       94.7947235    
   94.9000015       94.8947296    
   95.0000000       94.9947357    
   95.0999985       95.0947418    
   95.2000046       95.1947479    
   95.3000031       95.2947540    
   95.4000015       95.3947601    
   95.5000000       95.4947662    
   95.5999985       95.5947647    
   95.7000046       95.6947784    
   95.8000031       95.7947845    
   95.9000015       95.8947906    
   96.0000000       95.9947968    
   96.0999985       96.0947952    
   96.2000046       96.1948013    
   96.3000031       96.2948074    
   96.4000015       96.3948135    
   96.5000000       96.4948196    
   96.5999985       96.5948257    
   96.7000046       96.6948318    
   96.8000031       96.7948380    
   96.9000015       96.8948364    
   97.0000000       96.9948425    
   97.0999985       97.0948486    
   97.2000046       97.1948624    
   97.3000031       97.2948685    
   97.4000015       97.3948669    
   97.5000000       97.4948654    
   97.5999985       97.5948715    
   97.7000046       97.6948853    
   97.8000031       97.7948914    
   97.9000015       97.8948975    
   98.0000000       97.9948959    
   98.0999985       98.0949020    
   98.2000046       98.1949158    
   98.3000031       98.2949142    
   98.4000015       98.3949127    
   98.5000000       98.4949188    
   98.5999985       98.5949249    
   98.7000046       98.6949387    
   98.8000031       98.7949371    
   98.9000015       98.8949432    
   99.0000000       98.9949493    
   99.0999985       99.0949554    
   99.2000046       99.1949615    
   99.3000031       99.2949677    
   99.4000015       99.3949738    
   99.5000000       99.4949722    
   99.5999985       99.5949783    
   99.7000046       99.6949921    
   99.8000031       99.7949982    
   99.9000015       99.8949966    
   100.000000       99.9950027    
   100.099998       100.095001    
   100.200005       100.195015    
   100.300003       100.295013    
   100.400002       100.395020    
   100.500000       100.495026    
   100.599998       100.595024    
   100.700005       100.695038    
   100.800003       100.795044    
   100.900002       100.895042    
   101.000000       100.995049    
