   1.00000000       1.54308057    
   3.19999957E+13   1.54308057    
   6.39999913E+13   1.54308057    
   9.59999849E+13   1.54308057    
   1.27999983E+14   1.54308057    
   1.59999980E+14   1.54308057    
   1.91999970E+14   1.54308057    
   2.23999959E+14   1.54308057    
   2.55999949E+14   1.54308057    
   2.87999938E+14   1.54308057    
   3.19999927E+14   1.54308057    
   3.51999917E+14   1.54308057    
   3.83999906E+14   1.54308057    
   4.15999896E+14   1.54308057    
   4.47999885E+14   1.54308057    
   4.79999874E+14   1.54308057    
   5.11999864E+14   1.54308057    
   5.43999853E+14   1.54308057    
   5.75999876E+14   1.54308057    
   6.07999865E+14   1.54308057    
   6.39999855E+14   1.54308057    
   6.71999844E+14   1.54308057    
   7.03999834E+14   1.54308057    
   7.35999823E+14   1.54308057    
   7.67999812E+14   1.54308057    
   7.99999802E+14   1.54308057    
   8.31999791E+14   1.54308057    
   8.63999780E+14   1.54308057    
   8.95999770E+14   1.54308057    
   9.27999759E+14   1.54308057    
   9.59999749E+14   1.54308057    
   9.91999738E+14   1.54308057    
   1.02399973E+15   1.54308057    
   1.05599972E+15   1.54308057    
   1.08799971E+15   1.54308057    
   1.11999970E+15   1.54308057    
   1.15199975E+15   1.54308057    
   1.18399981E+15   1.54308057    
   1.21599986E+15   1.54308057    
   1.24799992E+15   1.54308057    
   1.27999998E+15   1.54308057    
   1.31200003E+15   1.54308057    
   1.34400009E+15   1.54308057    
   1.37600015E+15   1.54308057    
   1.40800020E+15   1.54308057    
   1.44000026E+15   1.54308057    
   1.47200032E+15   1.54308057    
   1.50400037E+15   1.54308057    
   1.53600043E+15   1.54308057    
   1.56800049E+15   1.54308057    
   1.60000054E+15   1.54308057    
   1.63200060E+15   1.54308057    
   1.66400066E+15   1.54308057    
   1.69600071E+15   1.54308057    
   1.72800077E+15   1.54308057    
   1.76000083E+15   1.54308057    
   1.79200088E+15   1.54308057    
   1.82400094E+15   1.54308057    
   1.85600099E+15   1.54308057    
   1.88800105E+15   1.54308057    
   1.92000111E+15   1.54308057    
   1.95200116E+15   1.54308057    
   1.98400122E+15   1.54308057    
   2.01600128E+15   1.54308057    
   2.04800133E+15   1.54308057    
   2.08000139E+15   1.54308057    
   2.11200145E+15   1.54308057    
   2.14400150E+15   1.54308057    
   2.17600156E+15   1.54308057    
   2.20800162E+15   1.54308057    
   2.24000167E+15   1.54308057    
   2.27200173E+15   1.54308057    
   2.30400165E+15   1.54308057    
   2.33600157E+15   1.54308057    
   2.36800150E+15   1.54308057    
   2.40000142E+15   1.54308057    
   2.43200134E+15   1.54308057    
   2.46400126E+15   1.54308057    
   2.49600119E+15   1.54308057    
   2.52800111E+15   1.54308057    
   2.56000103E+15   1.54308057    
   2.59200095E+15   1.54308057    
   2.62400087E+15   1.54308057    
   2.65600080E+15   1.54308057    
   2.68800072E+15   1.54308057    
   2.72000064E+15   1.54308057    
   2.75200056E+15   1.54308057    
   2.78400049E+15   1.54308057    
   2.81600041E+15   1.54308057    
   2.84800033E+15   1.54308057    
   2.88000025E+15   1.54308057    
   2.91200017E+15   1.54308057    
   2.94400010E+15   1.54308057    
   2.97600002E+15   1.54308057    
   3.00799994E+15   1.54308057    
   3.03999986E+15   1.54308057    
   3.07199979E+15   1.54308057    
   3.10399971E+15   1.54308057    
   3.13599963E+15   1.54308057    
   3.16799955E+15   1.54308057    
   3.19999948E+15   1.54308057    
