   0.00000000     -0.500000000    
   9.99999978E-03 -0.249500006    
   1.99999996E-02 -0.123250492    
   2.99999993E-02  -5.88784553E-02
   3.99999991E-02  -2.53252815E-02
   4.99999970E-02  -7.12784100E-03
   5.99999987E-02   3.41000035E-03
   7.00000003E-02   1.01161916E-02
   7.99999982E-02   1.48922559E-02
   8.99999961E-02   1.86803546E-02
   9.99999940E-02   2.19449252E-02
  0.109999999       2.49125734E-02
  0.119999997       2.76915655E-02
  0.129999995       3.03313434E-02
  0.140000001       3.28521952E-02
  0.149999991       3.52600291E-02
  0.159999996       3.75537649E-02
  0.170000002       3.97290289E-02
  0.179999992       4.17799801E-02
  0.189999998       4.37002704E-02
  0.199999988       4.54834998E-02
  0.209999993       4.71235067E-02
  0.219999999       4.86144498E-02
  0.229999989       4.99509126E-02
  0.239999995       5.11279665E-02
  0.250000000       5.21411821E-02
  0.259999990       5.29866517E-02
  0.269999981       5.36610298E-02
  0.280000001       5.41615188E-02
  0.289999992       5.44859022E-02
  0.299999982       5.46325445E-02
  0.310000002       5.46004213E-02
  0.319999993       5.43890893E-02
  0.329999983       5.39987087E-02
  0.340000004       5.34300543E-02
  0.349999994       5.26845008E-02
  0.359999985       5.17640300E-02
  0.370000005       5.06712124E-02
  0.379999995       4.94092219E-02
  0.389999986       4.79818098E-02
  0.399999976       4.63932976E-02
  0.409999996       4.46485728E-02
  0.419999987       4.27530743E-02
  0.429999977       4.07127626E-02
  0.439999998       3.85341048E-02
  0.449999988       3.62240821E-02
  0.459999979       3.37901264E-02
  0.469999999       3.12401205E-02
  0.479999989       2.85823736E-02
  0.489999980       2.58255880E-02
  0.500000000       2.29788329E-02
  0.509999990       2.00515203E-02
  0.519999981       1.70533638E-02
  0.529999971       1.39943548E-02
  0.539999962       1.08847301E-02
  0.550000012       7.73492875E-03
  0.560000002       4.55556996E-03
  0.569999993       1.35740801E-03
  0.579999983      -1.84870046E-03
  0.589999974      -5.05183171E-03
  0.599999964      -8.24103318E-03
  0.610000014      -1.14053627E-02
  0.620000005      -1.45339230E-02
  0.629999995      -1.76158994E-02
  0.639999986      -2.06406042E-02
  0.649999976      -2.35974956E-02
  0.659999967      -2.64762305E-02
  0.669999957      -2.92667001E-02
  0.680000007      -3.19590606E-02
  0.689999998      -3.45437638E-02
  0.699999988      -3.70115936E-02
  0.709999979      -3.93537059E-02
  0.719999969      -4.15616557E-02
  0.729999959      -4.36274111E-02
  0.740000010      -4.55434173E-02
  0.750000000      -4.73025925E-02
  0.759999990      -4.88983691E-02
  0.769999981      -5.03247119E-02
  0.779999971      -5.15761413E-02
  0.789999962      -5.26477620E-02
  0.799999952      -5.35352714E-02
  0.810000002      -5.42349704E-02
  0.819999993      -5.47438115E-02
  0.829999983      -5.50593734E-02
  0.839999974      -5.51798865E-02
  0.849999964      -5.51042445E-02
  0.859999955      -5.48320077E-02
  0.870000005      -5.43634146E-02
  0.879999995      -5.36993742E-02
  0.889999986      -5.28414547E-02
  0.899999976      -5.17919175E-02
  0.909999967      -5.05536720E-02
  0.919999957      -4.91302907E-02
  0.930000007      -4.75259945E-02
  0.939999998      -4.57456447E-02
  0.949999988      -4.37947214E-02
  0.959999979      -4.16793115E-02
  0.969999969      -3.94060984E-02
  0.979999959      -3.69823202E-02
  0.989999950      -3.44157778E-02
   1.00000000      -3.17147821E-02
   1.00999999      -2.88881380E-02
   1.01999998      -2.59451363E-02
   1.02999997      -2.28954814E-02
   1.03999996      -1.97492987E-02
   1.04999995      -1.65170878E-02
   1.05999994      -1.32096820E-02
   1.06999993      -9.83822346E-03
   1.07999992      -6.41412055E-03
   1.09000003      -2.94901035E-03
   1.10000002       5.45279356E-04
   1.11000001       4.05677175E-03
   1.12000000       7.57337874E-03
   1.13000000       1.10829417E-02
   1.13999999       1.45732742E-02
   1.14999998       1.80322044E-02
   1.15999997       2.14476157E-02
   1.16999996       2.48074885E-02
   1.17999995       2.80999355E-02
   1.18999994       3.13132592E-02
   1.19999993       3.44359800E-02
   1.20999992       3.74568701E-02
   1.22000003       4.03650030E-02
   1.23000002       4.31498103E-02
   1.24000001       4.58010770E-02
   1.25000000       4.83090095E-02
   1.25999999       5.06642535E-02
   1.26999998       5.28579503E-02
   1.27999997       5.48817366E-02
   1.28999996       5.67278117E-02
   1.29999995       5.83889335E-02
   1.30999994       5.98584712E-02
   1.31999993       6.11303970E-02
   1.32999992       6.21993542E-02
   1.33999991       6.30606338E-02
   1.35000002       6.37102351E-02
   1.36000001       6.41448498E-02
   1.37000000       6.43618852E-02
   1.38000000       6.43594787E-02
   1.38999999       6.41365051E-02
   1.39999998       6.36925995E-02
   1.40999997       6.30281270E-02
   1.41999996       6.21442124E-02
   1.42999995       6.10427298E-02
   1.43999994       5.97263165E-02
   1.44999993       5.81983291E-02
   1.45999992       5.64628765E-02
   1.46999991       5.45247868E-02
   1.48000002       5.23895957E-02
   1.49000001       5.00635318E-02
   1.50000000       4.75535095E-02
   1.50999999       4.48670872E-02
   1.51999998       4.20124754E-02
   1.52999997       3.89984772E-02
   1.53999996       3.58344764E-02
   1.54999995       3.25304270E-02
   1.55999994       2.90967878E-02
   1.56999993       2.55445056E-02
   1.57999992       2.18849853E-02
   1.58999991       1.81300417E-02
   1.59999990       1.42918741E-02
   1.61000001       1.03830155E-02
   1.62000000       6.41629566E-03
   1.63000000       2.40479689E-03
   1.63999999      -1.63818849E-03
   1.64999998      -5.69920149E-03
   1.65999997      -9.76466201E-03
   1.66999996      -1.38209164E-02
   1.67999995      -1.78542808E-02
   1.68999994      -2.18510889E-02
   1.69999993      -2.57977415E-02
   1.70999992      -2.96807475E-02
   1.71999991      -3.34867761E-02
   1.73000002      -3.72026935E-02
   1.74000001      -4.08156253E-02
   1.75000000      -4.43129838E-02
   1.75999999      -4.76825237E-02
   1.76999998      -5.09123728E-02
   1.77999997      -5.39910868E-02
   1.78999996      -5.69076799E-02
   1.79999995      -5.96516728E-02
   1.80999994      -6.22131377E-02
   1.81999993      -6.45826980E-02
   1.82999992      -6.67516068E-02
   1.83999991      -6.87117353E-02
   1.84999990      -7.04556555E-02
   1.86000001      -7.19766244E-02
   1.87000000      -7.32686222E-02
   1.88000000      -7.43263811E-02
   1.88999999      -7.51453862E-02
   1.89999998      -7.57219344E-02
   1.90999997      -7.60531127E-02
   1.91999996      -7.61368349E-02
   1.92999995      -7.59718120E-02
   1.93999994      -7.55576342E-02
   1.94999993      -7.48946890E-02
   1.95999992      -7.39842206E-02
   1.96999991      -7.28283152E-02
   1.97999990      -7.14299008E-02
   1.99000001      -6.97927177E-02
   2.00000000      -6.79213405E-02
   2.00999999      -6.58211485E-02
   2.01999998      -6.34983256E-02
   2.02999997      -6.09598123E-02
   2.03999996      -5.82133159E-02
   2.04999995      -5.52672893E-02
   2.05999994      -5.21308631E-02
   2.06999993      -4.88138869E-02
   2.07999992      -4.53268252E-02
   2.08999991      -4.16807756E-02
   2.09999990      -3.78874168E-02
   2.10999990      -3.39589715E-02
   2.11999989      -2.99081597E-02
   2.12999988      -2.57481784E-02
   2.13999987      -2.14926340E-02
   2.14999986      -1.71555150E-02
   2.15999985      -1.27511406E-02
   2.16999984      -8.29411112E-03
   2.18000007      -3.79926129E-03
   2.19000006       7.18388008E-04
   2.20000005       5.24368230E-03
   2.21000004       9.76138469E-03
   2.22000003       1.42562278E-02
   2.23000002       1.87129620E-02
   2.24000001       2.31164116E-02
   2.25000000       2.74515320E-02
   2.25999999       3.17034423E-02
   2.26999998       3.58574986E-02
   2.27999997       3.98993380E-02
   2.28999996       4.38149162E-02
   2.29999995       4.75905761E-02
   2.30999994       5.12130782E-02
   2.31999993       5.46696633E-02
   2.32999992       5.79480901E-02
   2.33999991       6.10366650E-02
   2.34999990       6.39243051E-02
   2.35999990       6.66005835E-02
   2.36999989       6.90557286E-02
   2.37999988       7.12807029E-02
   2.38999987       7.32672065E-02
   2.39999986       7.50077292E-02
   2.40999985       7.64955580E-02
   2.41999984       7.77248293E-02
   2.42999983       7.86905289E-02
   2.44000006       7.93885142E-02
   2.45000005       7.98155367E-02
   2.46000004       7.99692720E-02
   2.47000003       7.98482820E-02
   2.48000002       7.94521123E-02
   2.49000001       7.87811950E-02
   2.50000000       7.78369159E-02
   2.50999999       7.66216069E-02
   2.51999998       7.51385093E-02
   2.52999997       7.33918026E-02
   2.53999996       7.13865682E-02
   2.54999995       6.91287965E-02
   2.55999994       6.66253716E-02
   2.56999993       6.38840199E-02
   2.57999992       6.09133281E-02
   2.58999991       5.77226877E-02
   2.59999990       5.43222874E-02
   2.60999990       5.07230647E-02
   2.61999989       4.69366796E-02
   2.62999988       4.29754779E-02
   2.63999987       3.88524458E-02
   2.64999986       3.45811881E-02
   2.65999985       3.01758647E-02
   2.66999984       2.56511569E-02
   2.67999983       2.10221969E-02
   2.69000006       1.63045432E-02
   2.70000005       1.15141235E-02
   2.71000004       6.66717393E-03
   2.72000003       1.78018957E-03
   2.73000002      -3.13013140E-03
   2.74000001      -8.04694556E-03
   2.75000000      -1.29533205E-02
   2.75999999      -1.78322904E-02
   2.76999998      -2.26669144E-02
   2.77999997      -2.74403449E-02
   2.78999996      -3.21358629E-02
   2.79999995      -3.67369726E-02
   2.80999994      -4.12274078E-02
   2.81999993      -4.55912389E-02
   2.82999992      -4.98128980E-02
   2.83999991      -5.38772494E-02
   2.84999990      -5.77696227E-02
   2.85999990      -6.14758842E-02
   2.86999989      -6.49824813E-02
   2.87999988      -6.82765022E-02
   2.88999987      -7.13456869E-02
   2.89999986      -7.41785020E-02
   2.90999985      -7.67641962E-02
   2.91999984      -7.90928006E-02
   2.92999983      -8.11551809E-02
   2.93999982      -8.29430819E-02
   2.95000005      -8.44491422E-02
   2.96000004      -8.56669545E-02
   2.97000003      -8.65910500E-02
   2.98000002      -8.72169361E-02
   2.99000001      -8.75411332E-02
   3.00000000      -8.75611603E-02
   3.00999999      -8.72755945E-02
   3.01999998      -8.66840035E-02
   3.02999997      -8.57870132E-02
   3.03999996      -8.45863074E-02
   3.04999995      -8.30846056E-02
   3.05999994      -8.12856555E-02
   3.06999993      -7.91942552E-02
   3.07999992      -7.68162012E-02
   3.08999991      -7.41582885E-02
   3.09999990      -7.12283179E-02
   3.10999990      -6.80350363E-02
   3.11999989      -6.45881295E-02
   3.12999988      -6.08981922E-02
   3.13999987      -5.69766983E-02
   3.14999986      -5.28359637E-02
   3.15999985      -4.84891087E-02
   3.16999984      -4.39500026E-02
   3.17999983      -3.92332450E-02
   3.18999982      -3.43541093E-02
   3.19999981      -2.93284841E-02
   3.21000004      -2.41728332E-02
   3.22000003      -1.89041402E-02
   3.23000002      -1.35398470E-02
   3.24000001      -8.09779577E-03
   3.25000000      -2.59618461E-03
   3.25999999       2.94651417E-03
   3.26999998       8.51160008E-03
   3.27999997       1.40802180E-02
   3.28999996       1.96334142E-02
   3.29999995       2.51522101E-02
   3.30999994       3.06176543E-02
   3.31999993       3.60109024E-02
   3.32999992       4.13132720E-02
   3.33999991       4.65063043E-02
   3.34999990       5.15718460E-02
   3.35999990       5.64920865E-02
   3.36999989       6.12496436E-02
   3.37999988       6.58276081E-02
   3.38999987       7.02096224E-02
   3.39999986       7.43799135E-02
   3.40999985       7.83233643E-02
   3.41999984       8.20255578E-02
   3.42999983       8.54728594E-02
   3.43999982       8.86524096E-02
   3.44999981       9.15522277E-02
   3.46000004       9.41612273E-02
   3.47000003       9.64692608E-02
   3.48000002       9.84671339E-02
   3.49000001      0.100146696    
   3.50000000      0.101500824    
   3.50999999      0.102523476    
   3.51999998      0.103209697    
   3.52999997      0.103555642    
   3.53999996      0.103558615    
   3.54999995      0.103217050    
   3.55999994      0.102530569    
   3.56999993      0.101499930    
   3.57999992      0.100127071    
   3.58999991       9.84150767E-02
   3.59999990       9.63682085E-02
   3.60999990       9.39918831E-02
   3.61999989       9.12926346E-02
   3.62999988       8.82781222E-02
   3.63999987       8.49571228E-02
   3.64999986       8.13394636E-02
   3.65999985       7.74360374E-02
   3.66999984       7.32587278E-02
   3.67999983       6.88204244E-02
   3.68999982       6.41349256E-02
   3.69999981       5.92169613E-02
   3.70999980       5.40820807E-02
   3.72000003       4.87466492E-02
   3.73000002       4.32277806E-02
   3.74000001       3.75432819E-02
   3.75000000       3.17116007E-02
   3.75999999       2.57517565E-02
   3.76999998       1.96832865E-02
   3.77999997       1.35261770E-02
   3.78999996       7.30080018E-03
   3.79999995       1.02784135E-03
   3.80999994      -5.27176727E-03
   3.81999993      -1.15769170E-02
   3.82999992      -1.78663991E-02
   3.83999991      -2.41189692E-02
   3.84999990      -3.03134266E-02
   3.85999990      -3.64286825E-02
   3.86999989      -4.24438380E-02
   3.87999988      -4.83382419E-02
   3.88999987      -5.40915877E-02
   3.89999986      -5.96839637E-02
   3.90999985      -6.50959313E-02
   3.91999984      -7.03085810E-02
   3.92999983      -7.53036141E-02
   3.93999982      -8.00634027E-02
   3.94999981      -8.45710486E-02
   3.95999980      -8.88104439E-02
   3.97000003      -9.27663371E-02
   3.98000002      -9.64243710E-02
   3.99000001      -9.97711420E-02
   4.00000000     -0.102794260    
   4.00999975     -0.105482355    
   4.01999998     -0.107825205    
   4.02999973     -0.109813660    
   4.03999996     -0.111439779    
   4.04999971     -0.112696767    
   4.05999994     -0.113579109    
   4.06999969     -0.114082500    
   4.07999992     -0.114203878    
   4.08999968     -0.113941520    
   4.09999990     -0.113294959    
   4.11000013     -0.112265028    
   4.11999989     -0.110853866    
   4.13000011     -0.109064899    
   4.13999987     -0.106902868    
   4.15000010     -0.104373768    
   4.15999985     -0.101484880    
   4.17000008      -9.82447267E-02
   4.17999983      -9.46630612E-02
   4.19000006      -9.07508284E-02
   4.19999981      -8.65201354E-02
   4.21000004      -8.19842443E-02
   4.21999979      -7.71574751E-02
   4.23000002      -7.20552057E-02
   4.23999977      -6.66938275E-02
   4.25000000      -6.10906668E-02
   4.25999975      -5.52639440E-02
   4.26999998      -4.92327213E-02
   4.27999973      -4.30168211E-02
   4.28999996      -3.66367921E-02
   4.29999971      -3.01138125E-02
   4.30999994      -2.34696455E-02
   4.31999969      -1.67265423E-02
   4.32999992      -9.90718883E-03
   4.33999968      -3.03461426E-03
   4.34999990       3.86787625E-03
   4.36000013       1.07767861E-02
   4.36999989       1.76685080E-02
   4.38000011       2.45193988E-02
   4.38999987       3.13058607E-02
   4.40000010       3.80044393E-02
   4.40999985       4.45918851E-02
   4.42000008       5.10452390E-02
   4.42999983       5.73419146E-02
   4.44000006       6.34597838E-02
   4.44999981       6.93772435E-02
   4.46000004       7.50732869E-02
   4.46999979       8.05276036E-02
   4.48000002       8.57206285E-02
   4.48999977       9.06335935E-02
   4.50000000       9.52486470E-02
   4.50999975       9.95488763E-02
   4.51999998      0.103518352    
   4.52999973      0.107142270    
   4.53999996      0.110406913    
   4.54999971      0.113299727    
   4.55999994      0.115809388    
   4.56999969      0.117925838    
   4.57999992      0.119640306    
   4.58999968      0.120945364    
   4.59999990      0.121834949    
   4.61000013      0.122304380    
   4.61999989      0.122350365    
   4.63000011      0.121971071    
   4.63999987      0.121166103    
   4.65000010      0.119936496    
   4.65999985      0.118284732    
   4.67000008      0.116214737    
   4.67999983      0.113731898    
   4.69000006      0.110842988    
   4.69999981      0.107556239    
   4.71000004      0.103881225    
   4.71999979       9.98289287E-02
   4.73000002       9.54116285E-02
   4.73999977       9.06429365E-02
   4.75000000       8.55376646E-02
   4.75999975       8.01118910E-02
   4.76999998       7.43828565E-02
   4.77999973       6.83688819E-02
   4.78999996       6.20893873E-02
   4.79999971       5.55647314E-02
   4.80999994       4.88162339E-02
   4.81999969       4.18660752E-02
   4.82999992       3.47372256E-02
   4.83999968       2.74533574E-02
   4.84999990       2.00387780E-02
   4.85999966       1.25183575E-02
   4.86999989       4.91742836E-03
   4.88000011      -2.73828628E-03
   4.88999987      -1.04227681E-02
   4.90000010      -1.81097873E-02
   4.90999985      -2.57729962E-02
   4.92000008      -3.33860181E-02
   4.92999983      -4.09225337E-02
   4.94000006      -4.83563803E-02
   4.94999981      -5.56616411E-02
   4.96000004      -6.28127307E-02
   4.96999979      -6.97844774E-02
   4.98000002      -7.65522420E-02
   4.98999977      -8.30919743E-02
   5.00000000      -8.93803015E-02
   5.00999975      -9.53945965E-02
   5.01999998     -0.101113133    
   5.02999973     -0.106515065    
   5.03999996     -0.111580543    
   5.04999971     -0.116290778    
   5.05999994     -0.120628148    
   5.06999969     -0.124576204    
   5.07999992     -0.128119752    
   5.08999968     -0.131244928    
   5.09999990     -0.133939192    
   5.10999966     -0.136191472    
   5.11999989     -0.137992099    
   5.13000011     -0.139332920    
   5.13999987     -0.140207320    
   5.15000010     -0.140610203    
   5.15999985     -0.140538067    
   5.17000008     -0.139988959    
   5.17999983     -0.138962597    
   5.19000006     -0.137460247    
   5.19999981     -0.135484859    
   5.21000004     -0.133040950    
   5.21999979     -0.130134642    
   5.23000002     -0.126773655    
   5.23999977     -0.122967303    
   5.25000000     -0.118726417    
   5.25999975     -0.114063360    
   5.26999998     -0.108991995    
   5.27999973     -0.103527606    
   5.28999996      -9.76869091E-02
   5.29999971      -9.14879516E-02
   5.30999994      -8.49500746E-02
   5.31999969      -7.80939013E-02
   5.32999992      -7.09411800E-02
   5.33999968      -6.35147914E-02
   5.34999990      -5.58386482E-02
   5.35999966      -4.79376279E-02
   5.36999989      -3.98374759E-02
   5.38000011      -3.15647349E-02
   5.38999987      -2.31466517E-02
   5.40000010      -1.46110924E-02
   5.40999985      -5.98644232E-03
   5.42000008       2.69848434E-03
   5.42999983       1.14145447E-02
   5.44000006       2.01323684E-02
   5.44999981       2.88224518E-02
   5.46000004       3.74552682E-02
   5.46999979       4.60013598E-02
   5.48000002       5.44314422E-02
   5.48999977       6.27165362E-02
   5.50000000       7.08280057E-02
   5.50999975       7.87377059E-02
   5.51999998       8.64180773E-02
   5.52999973       9.38422382E-02
   5.53999996      0.100984052    
   5.54999971      0.107818276    
   5.55999994      0.114320591    
   5.56999969      0.120467722    
   5.57999992      0.126237512    
   5.58999968      0.131608993    
   5.59999990      0.136562452    
   5.60999966      0.141079545    
   5.61999989      0.145143375    
   5.62999964      0.148738414    
   5.63999987      0.151850715    
   5.65000010      0.154467911    
   5.65999985      0.156579256    
   5.67000008      0.158175647    
   5.67999983      0.159249708    
   5.69000006      0.159795761    
   5.69999981      0.159809887    
   5.71000004      0.159290016    
   5.71999979      0.158235773    
   5.73000002      0.156648621    
   5.73999977      0.154531837    
   5.75000000      0.151890486    
   5.75999975      0.148731411    
   5.76999998      0.145063221    
   5.77999973      0.140896320    
   5.78999996      0.136242837    
   5.79999971      0.131116539    
   5.80999994      0.125532880    
   5.81999969      0.119508967    
   5.82999992      0.113063455    
   5.83999968      0.106216475    
   5.84999990       9.89896506E-02
   5.85999966       9.14059579E-02
   5.86999989       8.34897086E-02
   5.87999964       7.52664357E-02
   5.88999987       6.67628422E-02
   5.90000010       5.80066964E-02
   5.90999985       4.90267277E-02
   5.92000008       3.98525819E-02
   5.92999983       3.05146743E-02
   5.94000006       2.10441090E-02
   5.94999981       1.14725716E-02
   5.96000004       1.83222408E-03
   5.96999979      -7.84440897E-03
   5.98000002      -1.75245497E-02
   5.98999977      -2.71752793E-02
   6.00000000      -3.67636532E-02
   6.00999975      -4.62568104E-02
   6.01999998      -5.56221046E-02
   6.02999973      -6.48272038E-02
   6.03999996      -7.38401860E-02
   6.04999971      -8.26296955E-02
   6.05999994      -9.11649987E-02
   6.06999969      -9.94161591E-02
   6.07999992     -0.107354082    
   6.08999968     -0.114950635    
   6.09999990     -0.122178748    
   6.10999966     -0.129012555    
   6.11999989     -0.135427386    
   6.12999964     -0.141399920    
   6.13999987     -0.146908298    
   6.15000010     -0.151932135    
   6.15999985     -0.156452596    
   6.17000008     -0.160452515    
   6.17999983     -0.163916409    
   6.19000006     -0.166830570    
   6.19999981     -0.169183075    
   6.21000004     -0.170963883    
   6.21999979     -0.172164828    
   6.23000002     -0.172779709    
   6.23999977     -0.172804207    
   6.25000000     -0.172236055    
   6.25999975     -0.171074927    
   6.26999998     -0.169322520    
   6.27999973     -0.166982532    
   6.28999996     -0.164060667    
   6.29999971     -0.160564616    
   6.30999994     -0.156504050    
   6.31999969     -0.151890576    
   6.32999992     -0.146737769    
   6.33999968     -0.141061038    
   6.34999990     -0.134877652    
   6.35999966     -0.128206700    
   6.36999989     -0.121069014    
   6.37999964     -0.113487080    
   6.38999987     -0.105485030    
   6.39999962      -9.70885456E-02
   6.40999985      -8.83247107E-02
   6.42000008      -7.92220682E-02
   6.42999983      -6.98104054E-02
   6.44000006      -6.01207018E-02
   6.44999981      -5.01850545E-02
   6.46000004      -4.00365181E-02
   6.46999979      -2.97090411E-02
   6.48000002      -1.92373283E-02
   6.48999977      -8.65673088E-03
   6.50000000       1.99687667E-03
   6.50999975       1.26872147E-02
   6.51999998       2.33777277E-02
   6.52999973       3.40317190E-02
   6.53999996       4.46124561E-02
   6.54999971       5.50833158E-02
   6.55999994       6.54079318E-02
   6.56999969       7.55502731E-02
   6.57999992       8.54748040E-02
   6.58999968       9.51466113E-02
   6.59999990      0.104531534    
   6.60999966      0.113596246    
   6.61999989      0.122308403    
   6.62999964      0.130636752    
   6.63999987      0.138551235    
   6.64999962      0.146023095    
   6.65999985      0.153025031    
   6.67000008      0.159531191    
   6.67999983      0.165517300    
   6.69000006      0.170960844    
   6.69999981      0.175841004    
   6.71000004      0.180138797    
   6.71999979      0.183837175    
   6.73000002      0.186921000    
   6.73999977      0.189377248    
   6.75000000      0.191194847    
   6.75999975      0.192364946    
   6.76999998      0.192880750    
   6.77999973      0.192737713    
   6.78999996      0.191933453    
   6.79999971      0.190467834    
   6.80999994      0.188342899    
   6.81999969      0.185562968    
   6.82999992      0.182134598    
   6.83999968      0.178066522    
   6.84999990      0.173369676    
   6.85999966      0.168057173    
   6.86999989      0.162144303    
   6.87999964      0.155648440    
   6.88999987      0.148589015    
   6.89999962      0.140987441    
   6.90999985      0.132867113    
   6.92000008      0.124253258    
   6.92999983      0.115172945    
   6.94000006      0.105654955    
   6.94999981       9.57296714E-02
   6.96000004       8.54290724E-02
   6.96999979       7.47865140E-02
   6.98000002       6.38367161E-02
   6.98999977       5.26156202E-02
   7.00000000       4.11602445E-02
   7.00999975       2.95086130E-02
   7.01999998       1.76995713E-02
   7.02999973       5.77269262E-03
   7.03999996      -6.23186771E-03
   7.04999971      -1.82735138E-02
   7.05999994      -3.03113423E-02
   7.06999969      -4.23042960E-02
   7.07999992      -5.42113036E-02
   7.08999968      -6.59914166E-02
   7.09999990      -7.76039660E-02
   7.10999966      -8.90086889E-02
   7.11999989     -0.100165889    
   7.12999964     -0.111036584    
   7.13999987     -0.121582590    
   7.14999962     -0.131766737    
   7.15999985     -0.141552925    
   7.17000008     -0.150906295    
   7.17999983     -0.159793347    
   7.19000006     -0.168182060    
   7.19999981     -0.176041961    
   7.21000004     -0.183344290    
   7.21999979     -0.190062091    
   7.23000002     -0.196170256    
   7.23999977     -0.201645643    
   7.25000000     -0.206467211    
   7.25999975     -0.210616007    
   7.26999998     -0.214075282    
   7.27999973     -0.216830537    
   7.28999996     -0.218869612    
   7.29999971     -0.220182657    
   7.30999994     -0.220762253    
   7.31999969     -0.220603347    
   7.32999992     -0.219703436    
   7.33999968     -0.218062431    
   7.34999990     -0.215682745    
   7.35999966     -0.212569281    
   7.36999989     -0.208729386    
   7.37999964     -0.204172879    
   7.38999987     -0.198912114    
   7.39999962     -0.192961752    
   7.40999985     -0.186338931    
   7.41999960     -0.179063112    
   7.42999983     -0.171156004    
   7.44000006     -0.162641615    
   7.44999981     -0.153546065    
   7.46000004     -0.143897623    
   7.46999979     -0.133726567    
   7.48000002     -0.123065084    
   7.48999977     -0.111947171    
   7.50000000     -0.100408584    
   7.50999975      -8.84866491E-02
   7.51999998      -7.62201920E-02
   7.52999973      -6.36494011E-02
   7.53999996      -5.08157127E-02
   7.54999971      -3.77616398E-02
   7.55999994      -2.45306361E-02
   7.56999969      -1.11669665E-02
   7.57999992       2.28446047E-03
   7.58999968       1.57782473E-02
   7.59999990       2.92686597E-02
   7.60999966       4.27097976E-02
   7.61999989       5.60557470E-02
   7.62999964       6.92607462E-02
   7.63999987       8.22793618E-02
   7.64999962       9.50666144E-02
   7.65999985      0.107578188    
   7.66999960      0.119770527    
   7.67999983      0.131601050    
   7.69000006      0.143028259    
   7.69999981      0.154011905    
   7.71000004      0.164513141    
   7.71999979      0.174494624    
   7.73000002      0.183920667    
   7.73999977      0.192757368    
   7.75000000      0.200972676    
   7.75999975      0.208536625    
   7.76999998      0.215421289    
   7.77999973      0.221600950    
   7.78999996      0.227052182    
   7.79999971      0.231753975    
   7.80999994      0.235687762    
   7.81999969      0.238837406    
   7.82999992      0.241189435    
   7.83999968      0.242732942    
   7.84999990      0.243459731    
   7.85999966      0.243364304    
   7.86999989      0.242443830    
   7.87999964      0.240698248    
   7.88999987      0.238130286    
   7.89999962      0.234745473    
   7.90999985      0.230551988    
   7.91999960      0.225560814    
   7.92999983      0.219785690    
   7.94000006      0.213243037    
   7.94999981      0.205951899    
   7.96000004      0.197933972    
   7.96999979      0.189213499    
   7.98000002      0.179817200    
   7.98999977      0.169774234    
   8.00000000      0.159116104    
   8.01000023      0.147876561    
   8.01999950      0.136091530    
   8.02999973      0.123798929    
   8.03999996      0.111038633    
   8.05000019       9.78523195E-02
   8.05999947       8.42833221E-02
   8.06999969       7.03765079E-02
   8.07999992       5.61781041E-02
   8.09000015       4.17355858E-02
   8.09999943       2.70974617E-02
   8.10999966       1.23131508E-02
   8.11999989      -2.56721326E-03
   8.13000011      -1.74929574E-02
   8.13999939      -3.24130356E-02
   8.14999962      -4.72762249E-02
   8.15999985      -6.20313026E-02
   8.17000008      -7.66272172E-02
   8.17999935      -9.10133049E-02
   8.18999958     -0.105139434    
   8.19999981     -0.118956208    
   8.21000004     -0.132415131    
   8.22000027     -0.145468801    
   8.22999954     -0.158071041    
   8.23999977     -0.170177057    
   8.25000000     -0.181743696    
   8.26000023     -0.192729458    
   8.26999950     -0.203094736    
   8.27999973     -0.212801918    
   8.28999996     -0.221815497    
   8.30000019     -0.230102271    
   8.30999947     -0.237631336    
   8.31999969     -0.244374275    
   8.32999992     -0.250305206    
   8.34000015     -0.255400956    
   8.34999943     -0.259641021    
   8.35999966     -0.263007760    
   8.36999989     -0.265486360    
   8.38000011     -0.267064869    
   8.38999939     -0.267734349    
   8.39999962     -0.267488837    
   8.40999985     -0.266325533    
   8.42000008     -0.264244497    
   8.42999935     -0.261248946    
   8.43999958     -0.257345170    
   8.44999981     -0.252542496    
   8.46000004     -0.246853262    
   8.47000027     -0.240292937    
   8.47999954     -0.232879937    
   8.48999977     -0.224635616    
   8.50000000     -0.215584248    
   8.51000023     -0.205752984    
   8.51999950     -0.195171714    
   8.52999973     -0.183873028    
   8.53999996     -0.171892226    
   8.55000019     -0.159266964    
   8.55999947     -0.146037415    
   8.56999969     -0.132246047    
   8.57999992     -0.117937401    
   8.59000015     -0.103158101    
   8.59999943      -8.79565924E-02
   8.60999966      -7.23830685E-02
   8.61999989      -5.64892590E-02
   8.63000011      -4.03282382E-02
   8.63999939      -2.39542779E-02
   8.64999962      -7.42265396E-03
   8.65999985       9.21056513E-03
   8.67000008       2.58887038E-02
   8.67999935       4.25546914E-02
   8.68999958       5.91512471E-02
   8.69999981       7.56211281E-02
   8.71000004       9.19072777E-02
   8.72000027      0.107953101    
   8.72999954      0.123702630    
   8.73999977      0.139100716    
   8.75000000      0.154093266    
   8.76000023      0.168627381    
   8.76999950      0.182651609    
   8.77999973      0.196116105    
   8.78999996      0.208972782    
   8.80000019      0.221175492    
   8.80999947      0.232680172    
   8.81999969      0.243445069    
   8.82999992      0.253430784    
   8.84000015      0.262600422    
   8.84999943      0.270919800    
   8.85999966      0.278357446    
   8.86999989      0.284884751    
   8.88000011      0.290476084    
   8.88999939      0.295108855    
   8.89999962      0.298763603    
   8.90999985      0.301424026    
   8.92000008      0.303077102    
   8.92999935      0.303713083    
   8.93999958      0.303325564    
   8.94999981      0.301911473    
   8.96000004      0.299471200    
   8.97000027      0.296008438    
   8.97999954      0.291530371    
   8.98999977      0.286047578    
   9.00000000      0.279573977    
   9.01000023      0.272126853    
   9.01999950      0.263726890    
   9.02999973      0.254397988    
   9.03999996      0.244167358    
   9.05000019      0.233065367    
   9.05999947      0.221125454    
   9.06999969      0.208384126    
   9.07999992      0.194880754    
   9.09000015      0.180657580    
   9.09999943      0.165759504    
   9.10999966      0.150233999    
   9.11999989      0.134130955    
   9.13000011      0.117502525    
   9.13999939      0.100402974    
   9.14999962       8.28884616E-02
   9.15999985       6.50169030E-02
   9.17000008       4.68477271E-02
   9.17999935       2.84417160E-02
   9.18999958       9.86075401E-03
   9.19999981      -8.83237645E-03
   9.21000004      -2.75742188E-02
   9.22000027      -4.63008806E-02
   9.22999954      -6.49482459E-02
   9.23999977      -8.34522545E-02
   9.25000000     -0.101749092    
   9.26000023     -0.119775444    
   9.26999950     -0.137468740    
   9.27999973     -0.154767349    
   9.28999996     -0.171610832    
   9.30000019     -0.187940136    
   9.30999947     -0.203697875    
   9.31999969     -0.218828410    
   9.32999992     -0.233278170    
   9.34000015     -0.246995762    
   9.34999943     -0.259932131    
   9.35999966     -0.272040784    
   9.36999989     -0.283277988    
   9.38000011     -0.293602675    
   9.38999939     -0.302976906    
   9.39999962     -0.311365783    
   9.40999985     -0.318737537    
   9.42000008     -0.325063825    
   9.42999935     -0.330319613    
   9.43999958     -0.334483325    
   9.44999981     -0.337536991    
   9.46000004     -0.339466184    
   9.46999931     -0.340260148    
   9.47999954     -0.339911819    
   9.48999977     -0.338417947    
   9.50000000     -0.335778922    
   9.51000023     -0.331998944    
   9.51999950     -0.327086002    
   9.52999973     -0.321051836    
   9.53999996     -0.313911974    
   9.55000019     -0.305685699    
   9.55999947     -0.296395957    
   9.56999969     -0.286069423    
   9.57999992     -0.274736315    
   9.59000015     -0.262430400    
   9.59999943     -0.249188974    
   9.60999966     -0.235052675    
   9.61999989     -0.220065385    
   9.63000011     -0.204274192    
   9.63999939     -0.187729180    
   9.64999962     -0.170483336    
   9.65999985     -0.152592346    
   9.67000008     -0.134114429    
   9.67999935     -0.115110219    
   9.68999958      -9.56424922E-02
   9.69999981      -7.57759809E-02
   9.71000004      -5.55771403E-02
   9.71999931      -3.51139233E-02
   9.72999954      -1.44555466E-02
   9.73999977       6.32776925E-03
   9.75000000       2.71650534E-02
   9.76000023       4.79848534E-02
   9.76999950       6.87154979E-02
   9.77999973       8.92853588E-02
   9.78999996      0.109623134    
   9.80000019      0.129658103    
   9.80999947      0.149320394    
   9.81999969      0.168541238    
   9.82999992      0.187253237    
   9.84000015      0.205390602    
   9.84999943      0.222889364    
   9.85999966      0.239687636    
   9.86999989      0.255725831    
   9.88000011      0.270946860    
   9.88999939      0.285296261    
   9.89999962      0.298722446    
   9.90999985      0.311176956    
   9.92000008      0.322614431    
   9.92999935      0.332992792    
   9.93999958      0.342273504    
   9.94999981      0.350421548    
   9.96000004      0.357405633    
   9.96999931      0.363198280    
   9.97999954      0.367775619    
   9.98999977      0.371117979    
   10.0000000      0.373209566    
 
   0.00000000     -0.536163688    
   9.99999978E-03 -0.534489870    
   1.99999996E-02 -0.531010032    
   2.99999993E-02 -0.525728166    
   3.99999991E-02 -0.518653989    
   4.99999970E-02 -0.509803534    
   5.99999987E-02 -0.499198407    
   7.00000003E-02 -0.486866146    
   7.99999982E-02 -0.472840279    
   8.99999961E-02 -0.457159996    
   9.99999940E-02 -0.439870268    
  0.109999999     -0.421021700    
  0.119999997     -0.400670469    
  0.129999995     -0.378877968    
  0.140000001     -0.355711043    
  0.149999991     -0.331241488    
  0.159999996     -0.305546075    
  0.170000002     -0.278706223    
  0.179999992     -0.250807822    
  0.189999998     -0.221940920    
  0.199999988     -0.192199528    
  0.209999993     -0.161681265    
  0.219999999     -0.130486965    
  0.229999989      -9.87204313E-02
  0.239999995      -6.64880797E-02
  0.250000000      -3.38985212E-02
  0.259999990      -1.06213801E-03
  0.269999981       3.19092721E-02
  0.280000001       6.49029315E-02
  0.289999992       9.78055298E-02
  0.299999982      0.130503610    
  0.310000002      0.162884042    
  0.319999993      0.194834426    
  0.329999983      0.226243570    
  0.340000004      0.257001817    
  0.349999994      0.287001550    
  0.359999985      0.316137552    
  0.370000005      0.344307393    
  0.379999995      0.371411771    
  0.389999986      0.397354841    
  0.399999976      0.422044754    
  0.409999996      0.445393682    
  0.419999987      0.467318267    
  0.429999977      0.487739861    
  0.439999998      0.506584764    
  0.449999988      0.523784459    
  0.459999979      0.539275825    
  0.469999999      0.553001285    
  0.479999989      0.564909041    
  0.489999980      0.574953139    
  0.500000000      0.583093584    
  0.509999990      0.589296699    
  0.519999981      0.593534708    
  0.529999971      0.595786452    
  0.539999962      0.596037030    
  0.550000012      0.594277978    
  0.560000002      0.590507329    
  0.569999993      0.584729493    
  0.579999983      0.576955557    
  0.589999974      0.567203164    
  0.599999964      0.555496395    
  0.610000014      0.541865885    
  0.620000005      0.526348710    
  0.629999995      0.508988380    
  0.639999986      0.489834815    
  0.649999976      0.468944192    
  0.659999967      0.446378767    
  0.669999957      0.422206908    
  0.680000007      0.396502763    
  0.689999998      0.369346440    
  0.699999988      0.340823233    
  0.709999979      0.311023921    
  0.719999969      0.280044198    
  0.729999959      0.247984603    
  0.740000010      0.214949980    
  0.750000000      0.181049392    
  0.759999990      0.146395490    
  0.769999981      0.111104369    
  0.779999971       7.52950013E-02
  0.789999962       3.90888751E-02
  0.799999952       2.60951044E-03
  0.810000002      -3.40179950E-02
  0.819999993      -7.06674457E-02
  0.829999983     -0.107212044    
  0.839999974     -0.143524885    
  0.849999964     -0.179479420    
  0.859999955     -0.214950025    
  0.870000005     -0.249812424    
  0.879999995     -0.283944190    
  0.889999986     -0.317225218    
  0.899999976     -0.349538118    
  0.909999967     -0.380768836    
  0.919999957     -0.410806835    
  0.930000007     -0.439545542    
  0.939999998     -0.466882855    
  0.949999988     -0.492721438    
  0.959999979     -0.516968846    
  0.969999969     -0.539537966    
  0.979999959     -0.560347378    
  0.989999950     -0.579321325    
   1.00000000     -0.596390367    
   1.00999999     -0.611490965    
   1.01999998     -0.624566138    
   1.02999997     -0.635565400    
   1.03999996     -0.644444942    
   1.04999995     -0.651167810    
   1.05999994     -0.655703783    
   1.06999993     -0.658029795    
   1.07999992     -0.658129513    
   1.09000003     -0.655993998    
   1.10000002     -0.651621282    
   1.11000001     -0.645016611    
   1.12000000     -0.636192441    
   1.13000000     -0.625168264    
   1.13999999     -0.611971021    
   1.14999998     -0.596634746    
   1.15999997     -0.579200566    
   1.16999996     -0.559716761    
   1.17999995     -0.538238704    
   1.18999994     -0.514828861    
   1.19999993     -0.489556402    
   1.20999992     -0.462497294    
   1.22000003     -0.433734149    
   1.23000002     -0.403355867    
   1.24000001     -0.371457756    
   1.25000000     -0.338140935    
   1.25999999     -0.303512245    
   1.26999998     -0.267683893    
   1.27999997     -0.230773196    
   1.28999996     -0.192902014    
   1.29999995     -0.154196501    
   1.30999994     -0.114786610    
   1.31999993      -7.48056322E-02
   1.32999992      -3.43896784E-02
   1.33999991       6.32278435E-03
   1.35000002       4.71915416E-02
   1.36000001       8.80751461E-02
   1.37000000      0.128831476    
   1.38000000      0.169318348    
   1.38999999      0.209394038    
   1.39999998      0.248917907    
   1.40999997      0.287750959    
   1.41999996      0.325756252    
   1.42999995      0.362799734    
   1.43999994      0.398750424    
   1.44999993      0.433481216    
   1.45999992      0.466868997    
   1.46999991      0.498795301    
   1.48000002      0.529146850    
   1.49000001      0.557815492    
   1.50000000      0.584699035    
   1.50999999      0.609701157    
   1.51999998      0.632731855    
   1.52999997      0.653707802    
   1.53999996      0.672552347    
   1.54999995      0.689195812    
   1.55999994      0.703575730    
   1.56999993      0.715636611    
   1.57999992      0.725330591    
   1.58999991      0.732617497    
   1.59999990      0.737464070    
   1.61000001      0.739845335    
   1.62000000      0.739743948    
   1.63000000      0.737150073    
   1.63999999      0.732061803    
   1.64999998      0.724485278    
   1.65999997      0.714434087    
   1.66999996      0.701930225    
   1.67999995      0.687003493    
   1.68999994      0.669691324    
   1.69999993      0.650039375    
   1.70999992      0.628100991    
   1.71999991      0.603937566    
   1.73000002      0.577618062    
   1.74000001      0.549219370    
   1.75000000      0.518825650    
   1.75999999      0.486528665    
   1.76999998      0.452427387    
   1.77999997      0.416627765    
   1.78999996      0.379242659    
   1.79999995      0.340391159    
   1.80999994      0.300198704    
   1.81999993      0.258796364    
   1.82999992      0.216320604    
   1.83999991      0.172912732    
   1.84999990      0.128718451    
   1.86000001       8.38872865E-02
   1.87000000       3.85719985E-02
   1.88000000      -7.07195792E-03
   1.88999999      -5.28871119E-02
   1.89999998      -9.87145975E-02
   1.90999997     -0.144394830    
   1.91999996     -0.189768165    
   1.92999995     -0.234675571    
   1.93999994     -0.278959244    
   1.94999993     -0.322463423    
   1.95999992     -0.365034759    
   1.96999991     -0.406523228    
   1.97999990     -0.446782470    
   1.99000001     -0.485670567    
   2.00000000     -0.523050308    
   2.00999999     -0.558789968    
   2.01999998     -0.592763424    
   2.02999997     -0.624850988    
   2.03999996     -0.654939115    
   2.04999995     -0.682921469    
   2.05999994     -0.708698750    
   2.06999993     -0.732179046    
   2.07999992     -0.753278017    
   2.08999991     -0.771919250    
   2.09999990     -0.788034081    
   2.10999990     -0.801561713    
   2.11999989     -0.812450051    
   2.12999988     -0.820654750    
   2.13999987     -0.826140106    
   2.14999986     -0.828878641    
   2.15999985     -0.828851283    
   2.16999984     -0.826047659    
   2.18000007     -0.820465803    
   2.19000006     -0.812112272    
   2.20000005     -0.801002324    
   2.21000004     -0.787159801    
   2.22000003     -0.770617306    
   2.23000002     -0.751416147    
   2.24000001     -0.729606152    
   2.25000000     -0.705246150    
   2.25999999     -0.678403616    
   2.26999998     -0.649154425    
   2.27999997     -0.617583156    
   2.28999996     -0.583782971    
   2.29999995     -0.547855258    
   2.30999994     -0.509909749    
   2.31999993     -0.470064014    
   2.32999992     -0.428443372    
   2.33999991     -0.385180444    
   2.34999990     -0.340415001    
   2.35999990     -0.294293374    
   2.36999989     -0.246968091    
   2.37999988     -0.198597267    
   2.38999987     -0.149344072    
   2.39999986      -9.93761346E-02
   2.40999985      -4.88648489E-02
   2.41999984       2.01529358E-03
   2.42999983       5.30874804E-02
   2.44000006      0.104173288    
   2.45000005      0.155093506    
   2.46000004      0.205668882    
   2.47000003      0.255720854    
   2.48000002      0.305072546    
   2.49000001      0.353549242    
   2.50000000      0.400979370    
   2.50999999      0.447195023    
   2.51999998      0.492032766    
   2.52999997      0.535334229    
   2.53999996      0.576946735    
   2.54999995      0.616723657    
   2.55999994      0.654525280    
   2.56999993      0.690218687    
   2.57999992      0.723678768    
   2.58999991      0.754788041    
   2.59999990      0.783437133    
   2.60999990      0.809525073    
   2.61999989      0.832959533    
   2.62999988      0.853656650    
   2.63999987      0.871541381    
   2.64999986      0.886547804    
   2.65999985      0.898618937    
   2.66999984      0.907706618    
   2.67999983      0.913772047    
   2.69000006      0.916785359    
   2.70000005      0.916726232    
   2.71000004      0.913583100    
   2.72000003      0.907353997    
   2.73000002      0.898046255    
   2.74000001      0.885676384    
   2.75000000      0.870270431    
   2.75999999      0.851863801    
   2.76999998      0.830501854    
   2.77999997      0.806238830    
   2.78999996      0.779139042    
   2.79999995      0.749276221    
   2.80999994      0.716733932    
   2.81999993      0.681605101    
   2.82999992      0.643992364    
   2.83999991      0.604007602    
   2.84999990      0.561772048    
   2.85999990      0.517416060    
   2.86999989      0.471078694    
   2.87999988      0.422907680    
   2.88999987      0.373058677    
   2.89999986      0.321695000    
   2.90999985      0.268987238    
   2.91999984      0.215112403    
   2.92999983      0.160253450    
   2.93999982      0.104598448    
   2.95000005       4.83399220E-02
   2.96000004      -8.32605455E-03
   2.97000003      -6.52006939E-02
   2.98000002     -0.122083366    
   2.99000001     -0.178772569    
   3.00000000     -0.235066801    
   3.00999999     -0.290765524    
   3.01999998     -0.345670104    
   3.02999997     -0.399584651    
   3.03999996     -0.452316940    
   3.04999995     -0.503679216    
   3.05999994     -0.553488970    
   3.06999993     -0.601569653    
   3.07999992     -0.647751451    
   3.08999991     -0.691871703    
   3.09999990     -0.733775437    
   3.10999990     -0.773316145    
   3.11999989     -0.810355663    
   3.12999988     -0.844764948    
   3.13999987     -0.876424193    
   3.14999986     -0.905222774    
   3.15999985     -0.931059957    
   3.16999984     -0.953844607    
   3.17999983     -0.973495245    
   3.18999982     -0.989940286    
   3.19999981      -1.00311804    
   3.21000004      -1.01297688    
   3.22000003      -1.01947463    
   3.23000002      -1.02257931    
   3.24000001      -1.02226889    
   3.25000000      -1.01853108    
   3.25999999      -1.01136386    
   3.26999998      -1.00077510    
   3.27999997     -0.986782670    
   3.28999996     -0.969414592    
   3.29999995     -0.948709309    
   3.30999994     -0.924715817    
   3.31999993     -0.897493005    
   3.32999992     -0.867110848    
   3.33999991     -0.833649635    
   3.34999990     -0.797200680    
   3.35999990     -0.757865608    
   3.36999989     -0.715757012    
   3.37999988     -0.670998216    
   3.38999987     -0.623723030    
   3.39999986     -0.574075699    
   3.40999985     -0.522210479    
   3.41999984     -0.468291491    
   3.42999983     -0.412492543    
   3.43999982     -0.354995996    
   3.44999981     -0.295992821    
   3.46000004     -0.235681504    
   3.47000003     -0.174267560    
   3.48000002     -0.111962616    
   3.49000001      -4.89834026E-02
   3.50000000       1.44490972E-02
   3.50999999       7.81107247E-02
   3.51999998      0.141775221    
   3.52999997      0.205215275    
   3.53999996      0.268203765    
   3.54999995      0.330514669    
   3.55999994      0.391924381    
   3.56999993      0.452212691    
   3.57999992      0.511163771    
   3.58999991      0.568567157    
   3.59999990      0.624218643    
   3.60999990      0.677921414    
   3.61999989      0.729486227    
   3.62999988      0.778732538    
   3.63999987      0.825488925    
   3.64999986      0.869593382    
   3.65999985      0.910894156    
   3.66999984      0.949249566    
   3.67999983      0.984528661    
   3.68999982       1.01661086    
   3.69999981       1.04538655    
   3.70999980       1.07075715    
   3.72000003       1.09263456    
   3.73000002       1.11094189    
   3.74000001       1.12561238    
   3.75000000       1.13659060    
   3.75999999       1.14383149    
   3.76999998       1.14730060    
   3.77999997       1.14697444    
   3.78999996       1.14283967    
   3.79999995       1.13489377    
   3.80999994       1.12314498    
   3.81999993       1.10761213    
   3.82999992       1.08832538    
   3.83999991       1.06532526    
   3.84999990       1.03866398    
   3.85999990       1.00840485    
   3.86999989      0.974622965    
   3.87999988      0.937405050    
   3.88999987      0.896849513    
   3.89999986      0.853067100    
   3.90999985      0.806180298    
   3.91999984      0.756324053    
   3.92999983      0.703645349    
   3.93999982      0.648302555    
   3.94999981      0.590466678    
   3.95999980      0.530319631    
   3.97000003      0.468054533    
   3.98000002      0.403874964    
   3.99000001      0.337994397    
   4.00000000      0.270635486    
   4.00999975      0.202029124    
   4.01999998      0.132413402    
   4.02999973       6.20326772E-02
   4.03999996      -8.86368752E-03
   4.04999971      -8.00225139E-02
   4.05999994     -0.151188120    
   4.06999969     -0.222103655    
   4.07999992     -0.292512536    
   4.08999968     -0.362159520    
   4.09999990     -0.430792421    
   4.11000013     -0.498163104    
   4.11999989     -0.564028800    
   4.13000011     -0.628153443    
   4.13999987     -0.690308332    
   4.15000010     -0.750273585    
   4.15999985     -0.807838559    
   4.17000008     -0.862802744    
   4.17999983     -0.914976656    
   4.19000006     -0.964181721    
   4.19999981      -1.01025116    
   4.21000004      -1.05303025    
   4.21999979      -1.09237599    
   4.23000002      -1.12815785    
   4.23999977      -1.16025722    
   4.25000000      -1.18856776    
   4.25999975      -1.21299517    
   4.26999998      -1.23345661    
   4.27999973      -1.24988139    
   4.28999996      -1.26221013    
   4.29999971      -1.27039480    
   4.30999994      -1.27439880    
   4.31999969      -1.27419686    
   4.32999992      -1.26977468    
   4.33999968      -1.26112902    
   4.34999990      -1.24826813    
   4.36000013      -1.23121154    
   4.36999989      -1.20999026    
   4.38000011      -1.18464720    
   4.38999987      -1.15523708    
   4.40000010      -1.12182689    
   4.40999985      -1.08449626    
   4.42000008      -1.04333758    
   4.42999983     -0.998456359    
   4.44000006     -0.949971795    
   4.44999981     -0.898016393    
   4.46000004     -0.842736781    
   4.46999979     -0.784293234    
   4.48000002     -0.722859859    
   4.48999977     -0.658624470    
   4.50000000     -0.591788471    
   4.50999975     -0.522566259    
   4.51999998     -0.451184601    
   4.52999973     -0.377882123    
   4.53999996     -0.302908421    
   4.54999971     -0.226523012    
   4.55999994     -0.148994073    
   4.56999969      -7.05973879E-02
   4.57999992       8.38522241E-03
   4.58999968       8.76673833E-02
   4.59999990      0.166959673    
   4.61000013      0.245971352    
   4.61999989      0.324411929    
   4.63000011      0.401992857    
   4.63999987      0.478429139    
   4.65000010      0.553441048    
   4.65999985      0.626755297    
   4.67000008      0.698106706    
   4.67999983      0.767239392    
   4.69000006      0.833907723    
   4.69999981      0.897877574    
   4.71000004      0.958926916    
   4.71999979       1.01684654    
   4.73000002       1.07144046    
   4.73999977       1.12252665    
   4.75000000       1.16993642    
   4.75999975       1.21351528    
   4.76999998       1.25312257    
   4.77999973       1.28863132    
   4.78999996       1.31992793    
   4.79999971       1.34691215    
   4.80999994       1.36949646    
   4.81999969       1.38760614    
   4.82999992       1.40117872    
   4.83999968       1.41016388    
   4.84999990       1.41452265    
   4.85999966       1.41422820    
   4.86999989       1.40926504    
   4.88000011       1.39962959    
   4.88999987       1.38532937    
   4.90000010       1.36638379    
   4.90999985       1.34282458    
   4.92000008       1.31469536    
   4.92999983       1.28205252    
   4.94000006       1.24496591    
   4.94999981       1.20351863    
   4.96000004       1.15780783    
   4.96999979       1.10794544    
   4.98000002       1.05405807    
   4.98999977      0.996288240    
   5.00000000      0.934793830    
   5.00999975      0.869748950    
   5.01999998      0.801343560    
   5.02999973      0.729784131    
   5.03999996      0.655292869    
   5.04999971      0.578107536    
   5.05999994      0.498480856    
   5.06999969      0.416679829    
   5.07999992      0.332984716    
   5.08999968      0.247687891    
   5.09999990      0.161092401    
   5.10999966       7.35104382E-02
   5.11999989      -1.47383176E-02
   5.13000011     -0.103328638    
   5.13999987     -0.191931605    
   5.15000010     -0.280216694    
   5.15999985     -0.367853880    
   5.17000008     -0.454515487    
   5.17999983     -0.539878488    
   5.19000006     -0.623626232    
   5.19999981     -0.705450356    
   5.21000004     -0.785052299    
   5.21999979     -0.862145245    
   5.23000002     -0.936455011    
   5.23999977      -1.00772107    
   5.25000000      -1.07569790    
   5.25999975      -1.14015508    
   5.26999998      -1.20087862    
   5.27999973      -1.25767016    
   5.28999996      -1.31034791    
   5.29999971      -1.35874569    
   5.30999994      -1.40271354    
   5.31999969      -1.44211698    
   5.32999992      -1.47683632    
   5.33999968      -1.50676656    
   5.34999990      -1.53181672    
   5.35999966      -1.55190909    
   5.36999989      -1.56697905    
   5.38000011      -1.57697415    
   5.38999987      -1.58185434    
   5.40000010      -1.58159149    
   5.40999985      -1.57616889    
   5.42000008      -1.56558132    
   5.42999983      -1.54983544    
   5.44000006      -1.52894950    
   5.44999981      -1.50295448    
   5.46000004      -1.47189355    
   5.46999979      -1.43582284    
   5.48000002      -1.39481294    
   5.48999977      -1.34894836    
   5.50000000      -1.29832888    
   5.50999975      -1.24307096    
   5.51999998      -1.18330729    
   5.52999973      -1.11918807    
   5.53999996      -1.05088186    
   5.54999971     -0.978575230    
   5.55999994     -0.902474284    
   5.56999969     -0.822804153    
   5.57999992     -0.739808559    
   5.58999968     -0.653750777    
   5.59999990     -0.564911604    
   5.60999966     -0.473589510    
   5.61999989     -0.380099297    
   5.62999964     -0.284770817    
   5.63999987     -0.187947080    
   5.65000010      -8.99825990E-02
   5.65999985       8.75884667E-03
   5.67000008      0.107906409    
   5.67999983      0.207084700    
   5.69000006      0.305916309    
   5.69999981      0.404024363    
   5.71000004      0.501035154    
   5.71999979      0.596580625    
   5.73000002      0.690301061    
   5.73999977      0.781846881    
   5.75000000      0.870880902    
   5.75999975      0.957080543    
   5.76999998       1.04013872    
   5.77999973       1.11976588    
   5.78999996       1.19569004    
   5.79999971       1.26765823    
   5.80999994       1.33543658    
   5.81999969       1.39881086    
   5.82999992       1.45758545    
   5.83999968       1.51158404    
   5.84999990       1.56064820    
   5.85999966       1.60463679    
   5.86999989       1.64342618    
   5.87999964       1.67690825    
   5.88999987       1.70499015    
   5.90000010       1.72759295    
   5.90999985       1.74465084    
   5.92000008       1.75611126    
   5.92999983       1.76193333    
   5.94000006       1.76208794    
   5.94999981       1.75655723    
   5.96000004       1.74533451    
   5.96999979       1.72842443    
   5.98000002       1.70584297    
   5.98999977       1.67761803    
   6.00000000       1.64379060    
   6.00999975       1.60441422    
   6.01999998       1.55955720    
   6.02999973       1.50930262    
   6.03999996       1.45375073    
   6.04999971       1.39301848    
   6.05999994       1.32724190    
   6.06999969       1.25657678    
   6.07999992       1.18119931    
   6.08999968       1.10130739    
   6.09999990       1.01712167    
   6.10999966      0.928885281    
   6.11999989      0.836864233    
   6.12999964      0.741347551    
   6.13999987      0.642646492    
   6.15000010      0.541094065    
   6.15999985      0.437043309    
   6.17000008      0.330866277    
   6.17999983      0.222951651    
   6.19000006      0.113702543    
   6.19999981       3.53402272E-03
   6.21000004     -0.107129872    
   6.21999979     -0.217859223    
   6.23000002     -0.328221500    
   6.23999977     -0.437784731    
   6.25000000     -0.546120882    
   6.25999975     -0.652809322    
   6.26999998     -0.757439375    
   6.27999973     -0.859613717    
   6.28999996     -0.958950579    
   6.29999971      -1.05508614    
   6.30999994      -1.14767647    
   6.31999969      -1.23639894    
   6.32999992      -1.32095325    
   6.33999968      -1.40106225    
   6.34999990      -1.47647202    
   6.35999966      -1.54695189    
   6.36999989      -1.61229420    
   6.37999964      -1.67231321    
   6.38999987      -1.72684419    
   6.39999962      -1.77574277    
   6.40999985      -1.81888282    
   6.42000008      -1.85615611    
   6.42999983      -1.88747025    
   6.44000006      -1.91274774    
   6.44999981      -1.93192422    
   6.46000004      -1.94494832    
   6.46999979      -1.95177960    
   6.48000002      -1.95238888    
   6.48999977      -1.94675744    
   6.50000000      -1.93487620    
   6.50999975      -1.91674709    
   6.51999998      -1.89238191    
   6.52999973      -1.86180365    
   6.53999996      -1.82504749    
   6.54999971      -1.78216159    
   6.55999994      -1.73320818    
   6.56999969      -1.67826533    
   6.57999992      -1.61742818    
   6.58999968      -1.55081129    
   6.59999990      -1.47854948    
   6.60999966      -1.40079999    
   6.61999989      -1.31774366    
   6.62999964      -1.22958708    
   6.63999987      -1.13656294    
   6.64999962      -1.03893137    
   6.65999985     -0.936980367    
   6.67000008     -0.831026077    
   6.67999983     -0.721412301    
   6.69000006     -0.608509779    
   6.69999981     -0.492714703    
   6.71000004     -0.374447286    
   6.71999979     -0.254149109    
   6.73000002     -0.132280365    
   6.73999977      -9.31650773E-03
   6.75000000      0.114255264    
   6.75999975      0.237940043    
   6.76999998      0.361239254    
   6.77999973      0.483655185    
   6.78999996      0.604694843    
   6.79999971      0.723874509    
   6.80999994      0.840723455    
   6.81999969      0.954787791    
   6.82999992       1.06563354    
   6.83999968       1.17284942    
   6.84999990       1.27604961    
   6.85999966       1.37487483    
   6.86999989       1.46899414    
   6.87999964       1.55810475    
   6.88999987       1.64193320    
   6.89999962       1.72023392    
   6.90999985       1.79278898    
   6.92000008       1.85940647    
   6.92999983       1.91991925    
   6.94000006       1.97418332    
   6.94999981       2.02207518    
   6.96000004       2.06349087    
   6.96999979       2.09834242    
   6.98000002       2.12655735    
   6.98999977       2.14807701    
   7.00000000       2.16285324    
   7.00999975       2.17084932    
   7.01999998       2.17203712    
   7.02999973       2.16639686    
   7.03999996       2.15391779    
   7.04999971       2.13459659    
   7.05999994       2.10843897    
   7.06999969       2.07545972    
   7.07999992       2.03568506    
   7.08999968       1.98915160    
   7.09999990       1.93591022    
   7.10999966       1.87602770    
   7.11999989       1.80958867    
   7.12999964       1.73669755    
   7.13999987       1.65748131    
   7.14999962       1.57209194    
   7.15999985       1.48070967    
   7.17000008       1.38354301    
   7.17999983       1.28083277    
   7.19000006       1.17285264    
   7.19999981       1.05991042    
   7.21000004      0.942348778    
   7.21999979      0.820545077    
   7.23000002      0.694910705    
   7.23999977      0.565889895    
   7.25000000      0.433957636    
   7.25999975      0.299616724    
   7.26999998      0.163394257    
   7.27999973       2.58377567E-02
   7.28999996     -0.112489723    
   7.29999971     -0.251014531    
   7.30999994     -0.389157951    
   7.31999969     -0.526341617    
   7.32999992     -0.661993265    
   7.33999968     -0.795552135    
   7.34999990     -0.926474214    
   7.35999966      -1.05423701    
   7.36999989      -1.17834377    
   7.37999964      -1.29832697    
   7.38999987      -1.41375136    
   7.39999962      -1.52421594    
   7.40999985      -1.62935507    
   7.41999960      -1.72883964    
   7.42999983      -1.82237566    
   7.44000006      -1.90970516    
   7.44999981      -1.99060285    
   7.46000004      -2.06487560    
   7.46999979      -2.13235807    
   7.48000002      -2.19291306    
   7.48999977      -2.24642587    
   7.50000000      -2.29280257    
   7.50999975      -2.33196735    
   7.51999998      -2.36385846    
   7.52999973      -2.38842702    
   7.53999996      -2.40563440    
   7.54999971      -2.41544962    
   7.55999994      -2.41784859    
   7.56999969      -2.41281319    
   7.57999992      -2.40033007    
   7.58999968      -2.38039064    
   7.59999990      -2.35299206    
   7.60999966      -2.31813765    
   7.61999989      -2.27583742    
   7.62999964      -2.22611260    
   7.63999987      -2.16899586    
   7.64999962      -2.10453343    
   7.65999985      -2.03278995    
   7.66999960      -1.95385098    
   7.67999983      -1.86782598    
   7.69000006      -1.77485228    
   7.69999981      -1.67509794    
   7.71000004      -1.56876588    
   7.71999979      -1.45609641    
   7.73000002      -1.33736932    
   7.73999977      -1.21290672    
   7.75000000      -1.08307421    
   7.75999975     -0.948280931    
   7.76999998     -0.808979571    
   7.77999973     -0.665665507    
   7.78999996     -0.518873930    
   7.79999971     -0.369176775    
   7.80999994     -0.217178762    
   7.81999969      -6.35119006E-02
   7.82999992       9.11702290E-02
   7.83999968      0.246199146    
   7.84999990      0.400898576    
   7.85999966      0.554591775    
   7.86999989      0.706609011    
   7.87999964      0.856294692    
   7.88999987       1.00301468    
   7.89999962       1.14616251    
   7.90999985       1.28516436    
   7.91999960       1.41948450    
   7.92999983       1.54862881    
   7.94000006       1.67214715    
   7.94999981       1.78963506    
   7.96000004       1.90073395    
   7.96999979       2.00513029    
   7.98000002       2.10255480    
   7.98999977       2.19277954    
   8.00000000       2.27561450    
   8.01000023       2.35090542    
   8.01999950       2.41852760    
   8.02999973       2.47838402    
   8.03999996       2.53039956    
   8.05000019       2.57451773    
   8.05999947       2.61069703    
   8.06999969       2.63890553    
   8.07999992       2.65912008    
   8.09000015       2.67132139    
   8.09999943       2.67549443    
   8.10999966       2.67162395    
   8.11999989       2.65969515    
   8.13000011       2.63969445    
   8.13999939       2.61160755    
   8.14999962       2.57542205    
   8.15999985       2.53112912    
   8.17000008       2.47872519    
   8.17999935       2.41821575    
   8.18999958       2.34961748    
   8.19999981       2.27296448    
   8.21000004       2.18831038    
   8.22000027       2.09573412    
   8.22999954       1.99534512    
   8.23999977       1.88728666    
   8.25000000       1.77174258    
   8.26000023       1.64894056    
   8.26999950       1.51915622    
   8.27999973       1.38271677    
   8.28999996       1.24000347    
   8.30000019       1.09145308    
   8.30999947      0.937558174    
   8.31999969      0.778866589    
   8.32999992      0.615979016    
   8.34000015      0.449544907    
   8.34999943      0.280258238    
   8.35999966      0.108850330    
   8.36999989      -6.39170632E-02
   8.38000011     -0.237260669    
   8.38999939     -0.410384893    
   8.39999962     -0.582491815    
   8.40999985     -0.752790928    
   8.42000008     -0.920509040    
   8.42999935      -1.08489990    
   8.43999958      -1.24525213    
   8.44999981      -1.40089750    
   8.46000004      -1.55121684    
   8.47000027      -1.69564462    
   8.47999954      -1.83367276    
   8.48999977      -1.96485186    
   8.50000000      -2.08879185    
   8.51000023      -2.20516062    
   8.51999950      -2.31368160    
   8.52999973      -2.41412950    
   8.53999996      -2.50632715    
   8.55000019      -2.59013939    
   8.55999947      -2.66546702    
   8.56999969      -2.73224187    
   8.57999992      -2.79042029    
   8.59000015      -2.83997774    
   8.59999943      -2.88090277    
   8.60999966      -2.91319275    
   8.61999989      -2.93684864    
   8.63000011      -2.95187211    
   8.63999939      -2.95826173    
   8.64999962      -2.95601058    
   8.65999985      -2.94510651    
   8.67000008      -2.92552924    
   8.67999935      -2.89725232    
   8.68999958      -2.86024380    
   8.69999981      -2.81446862    
   8.71000004      -2.75989032    
   8.72000027      -2.69647598    
   8.72999954      -2.62420106    
   8.73999977      -2.54305291    
   8.75000000      -2.45303702    
   8.76000023      -2.35418487    
   8.76999950      -2.24655771    
   8.77999973      -2.13025594    
   8.78999996      -2.00542450    
   8.80000019      -1.87225914    
   8.80999947      -1.73101401    
   8.81999969      -1.58200550    
   8.82999992      -1.42561746    
   8.84000015      -1.26230395    
   8.84999943      -1.09259152    
   8.85999966     -0.917078316    
   8.86999989     -0.736433387    
   8.88000011     -0.551391602    
   8.88999939     -0.362748653    
   8.89999962     -0.171353117    
   8.90999985       2.19032839E-02
   8.92000008      0.216096610    
   8.92999935      0.410283089    
   8.93999958      0.603512168    
   8.94999981      0.794840336    
   8.96000004      0.983344138    
   8.97000027       1.16813350    
   8.97999954       1.34836304    
   8.98999977       1.52324295    
   9.00000000       1.69204760    
   9.01000023       1.85412145    
   9.01999950       2.00888395    
   9.02999973       2.15583229    
   9.03999996       2.29453993    
   9.05000019       2.42465639    
   9.05999947       2.54590178    
   9.06999969       2.65806293    
   9.07999992       2.76098537    
   9.09000015       2.85456777    
   9.09999943       2.93875098    
   9.10999966       3.01351404    
   9.11999989       3.07886195    
   9.13000011       3.13481903    
   9.13999939       3.18142200    
   9.14999962       3.21871233    
   9.15999985       3.24673152    
   9.17000008       3.26551342    
   9.17999935       3.27508259    
   9.18999958       3.27544975    
   9.19999981       3.26660991    
   9.21000004       3.24854159    
   9.22000027       3.22120619    
   9.22999954       3.18454957    
   9.23999977       3.13850546    
   9.25000000       3.08299661    
   9.26000023       3.01794124    
   9.26999950       2.94325638    
   9.27999973       2.85886621    
   9.28999996       2.76470804    
   9.30000019       2.66074014    
   9.30999947       2.54695272    
   9.31999969       2.42337394    
   9.32999992       2.29008126    
   9.34000015       2.14721012    
   9.34999943       1.99496341    
   9.35999966       1.83361936    
   9.36999989       1.66353917    
   9.38000011       1.48517251    
   9.38999939       1.29906142    
   9.39999962       1.10584295    
   9.40999985      0.906247854    
   9.42000008      0.701097250    
   9.42999935      0.491296709    
   9.43999958      0.277826935    
   9.44999981       6.17322326E-02
   9.46000004     -0.155893669    
   9.46999931     -0.373923898    
   9.47999954     -0.591216028    
   9.48999977     -0.806630611    
   9.50000000      -1.01904953    
   9.51000023      -1.22739434    
   9.51999950      -1.43064284    
   9.52999973      -1.62784350    
   9.53999996      -1.81812799    
   9.55000019      -2.00072098    
   9.55999947      -2.17494535    
   9.56999969      -2.34022617    
   9.57999992      -2.49609089    
   9.59000015      -2.64216471    
   9.59999943      -2.77816725    
   9.60999966      -2.90390396    
   9.61999989      -3.01925611    
   9.63000011      -3.12417126    
   9.63999939      -3.21865058    
   9.64999962      -3.30274057    
   9.65999985      -3.37651634    
   9.67000008      -3.44007635    
   9.67999935      -3.49352789    
   9.68999958      -3.53697920    
   9.69999981      -3.57053185    
   9.71000004      -3.59427261    
   9.71999931      -3.60826874    
   9.72999954      -3.61256266    
   9.73999977      -3.60716963    
   9.75000000      -3.59207535    
   9.76000023      -3.56723547    
   9.76999950      -3.53257704    
   9.77999973      -3.48800039    
   9.78999996      -3.43338275    
   9.80000019      -3.36858320    
   9.80999947      -3.29344869    
   9.81999969      -3.20782185    
   9.82999992      -3.11154985    
   9.84000015      -3.00449300    
   9.84999943      -2.88653803    
   9.85999966      -2.75760841    
   9.86999989      -2.61767673    
   9.88000011      -2.46677876    
   9.88999939      -2.30502510    
   9.89999962      -2.13261533    
   9.90999985      -1.94984722    
   9.92000008      -1.75712800    
   9.92999935      -1.55498290    
   9.93999958      -1.34405947    
   9.94999981      -1.12512922    
   9.96000004     -0.899087310    
   9.96999931     -0.666946471    
   9.97999954     -0.429827243    
   9.98999977     -0.188944668    
   10.0000000       5.44095412E-02
