   0.0000000000000000        49.999999999999950     
   9.9999997764825821E-003   49.925996090916136     
   1.9999999552965164E-002   49.704203676843946     
   2.9999999329447746E-002   49.335279080659888     
   3.9999999105930328E-002   48.820313535382191     
   4.9999998882412910E-002   48.160829237530656     
   5.9999998658895493E-002   47.358773843156264     
   6.9999998435378075E-002   46.416513427765231     
   7.9999998211860657E-002   45.336823937283562     
   8.9999997988343239E-002   44.122881163022839     
   9.9999997764825821E-002   42.778249279293291     
  0.10999999754130840        41.306867987844008     
  0.11999999731779099        39.713038318670549     
  0.12999999709427357        38.001407141896451     
  0.13999999687075615        36.176950450386499     
  0.14999999664723873        34.244955477467322     
  0.15999999642372131        32.211001718595654     
  0.16999999620020390        30.080940930010254     
  0.17999999597668648        27.860876181311273     
  0.18999999575316906        25.557140042518846     
  0.19999999552965164        23.176271989452953     
  0.20999999530613422        20.724995114239857     
  0.21999999508261681        18.210192230371934     
  0.22999999485909939        15.638881464020390     
  0.23999999463558197        13.018191425211761     
  0.24999999441206455        10.355336054025804     
  0.25999999418854713        7.6575892381445962     
  0.26999999396502972        4.9322592988787157     
  0.27999999374151230        2.1866634432117227     
  0.28999999351799488      -0.57189772056256971     
  0.29999999329447746       -3.3361655063834705     
  0.30999999307096004       -6.0989482166499576     
  0.31999999284744263       -8.8531458557388412     
  0.32999999262392521       -11.591774396902499     
  0.33999999240040779       -14.307989510479807     
  0.34999999217689037       -16.995109663560292     
  0.35999999195337296       -19.646638503798204     
  0.36999999172985554       -22.256286442970382     
  0.37999999150633812       -24.817991359099207     
  0.38999999128282070       -27.325938339504479     
  0.39999999105930328       -29.774578390994140     
  0.40999999083578587       -32.158646047536024     
  0.41999999061226845       -34.473175810156896     
  0.42999999038875103       -36.713517358471215     
  0.43999999016523361       -38.875349478134289     
  0.44999998994171619       -40.954692653621848     
  0.45999998971819878       -42.947920281040297     
  0.46999998949468136       -44.851768461149767     
  0.47999998927116394       -46.663344338411292     
  0.48999998904764652       -48.380132957630408     
  0.49999998882412910       -50.000002615637186     
  0.50999998860061169       -51.521208691396062     
  0.51999998837709427       -52.942395943952093     
  0.52999998815357685       -54.262599273672066     
  0.53999998793005943       -55.481242948302913     
  0.54999998770654202       -56.598138301424882     
  0.55999998748302460       -57.613479916895947     
  0.56999998725950718       -58.527840318846202     
  0.57999998703598976       -59.342163192660799     
  0.58999998681247234       -60.057755168165428     
  0.59999998658895493       -60.676276201875837     
  0.60999998636543751       -61.199728600670824     
  0.61999998614192009       -61.630444734574496     
  0.62999998591840267       -61.971073491467251     
  0.63999998569488525       -62.224565531466034     
  0.64999998547136784       -62.394157403403696     
  0.65999998524785042       -62.483354590275063     
  0.66999998502433300       -62.495913554688528     
  0.67999998480081558       -62.435822859247246     
  0.68999998457729816       -62.307283440370554     
  0.69999998435378075       -62.114688117338801     
  0.70999998413026333       -61.862600421290502     
  0.71999998390674591       -61.555732831508102     
  0.72999998368322849       -61.198924508588362     
  0.73999998345971107       -60.797118615994840     
  0.74999998323619366       -60.355339323027671     
  0.75999998301267624       -59.878668583411987     
  0.76999998278915882       -59.372222784498362     
  0.77999998256564140       -58.841129362481446     
  0.78999998234212399       -58.290503479076705     
  0.79999998211860657       -57.725424854749065     
  0.80999998189508915       -57.150914852862414     
  0.81999998167157173       -56.571913908019376     
  0.82999998144805431       -55.993259390389795     
  0.83999998122453690       -55.419663995990746     
  0.84999998100101948       -54.855694750687597     
  0.85999998077750206       -54.305752713143384     
  0.86999998055398464       -53.774053459062898     
  0.87999998033046722       -53.264608425870065     
  0.88999998010694981       -52.781207193434199     
  0.89999997988343239       -52.327400772638669     
  0.90999997965991497       -51.906485969476549     
  0.91999997943639755       -51.521490887981756     
  0.92999997921288013       -51.175161630675447     
  0.93999997898936272       -50.869950250346243     
  0.94999997876584530       -50.608004001907773     
  0.95999997854232788       -50.391155937808740     
  0.96999997831881046       -50.220916885028963     
  0.97999997809529305       -50.098468836103081     
  0.98999997787177563       -50.024659780892691     
  0.99999997764825821       -49.999999999999957     
   1.0099999774247408       -50.024659834806627     
   1.0199999772012234       -50.098468943151907     
   1.0299999769777060       -50.220917043658162     
   1.0399999767541885       -50.391156145695668     
   1.0499999765306711       -50.608004255972403     
   1.0599999763071537       -50.869950546765622     
   1.0699999760836363       -51.175161964901541     
   1.0799999758601189       -51.521491254762708     
   1.0899999756366014       -51.906486362881331     
   1.0999999754130840       -52.327401186084913     
   1.1099999751895666       -52.781207619719083     
   1.1199999749660492       -53.264608857204301     
   1.1299999747425318       -53.774053887107463     
   1.1399999745190144       -54.305753129048981     
   1.1499999742954969       -54.855695145136686     
   1.1599999740719795       -55.419664359241814     
   1.1699999738484621       -55.993259712323962     
   1.1799999736249447       -56.571914178188834     
   1.1899999734014273       -57.150915060540761     
   1.1999999731779099       -57.725424988983164     
   1.2099999729543924       -58.290503528739890     
   1.2199999727308750       -58.841129316327901     
   1.2299999725073576       -59.372222631218428     
   1.2399999722838402       -59.878668311688102     
   1.2499999720603228       -60.355338921590842     
   1.2599999718368053       -60.797118073681254     
   1.2699999716132879       -61.198923814396053     
   1.2799999713897705       -61.555731974653341     
   1.2899999711662531       -61.862599391263686     
   1.2999999709427357       -62.114686903959623     
   1.3099999707192183       -62.307282033842284     
   1.3199999704957008       -62.435821250209791     
   1.3299999702721834       -62.495911734270024     
   1.3399999700486660       -62.483352550141959     
   1.3499999698251486       -62.394155135808937     
   1.3599999696016312       -62.224563029295268     
   1.3699999693781137       -61.971070748282678     
   1.3799999691545963       -61.630441744656459     
   1.3899999689310789       -61.199725359056679     
   1.3999999687075615       -60.676272704396041     
   1.4099999684840441       -60.057751411476787     
   1.4199999682605267       -59.342159174276588     
   1.4299999680370092       -58.527836037163020     
   1.4399999678134918       -57.613475371217284     
   1.4499999675899744       -56.598133491981251     
   1.4599999673664570       -55.481237876268438     
   1.4699999671429396       -54.262593941177414     
   1.4799999669194221       -52.942390354093639     
   1.4899999666959047       -51.521202848241444     
   1.4999999664723873       -49.999996524227093     
   1.5099999662488699       -48.380126623976331     
   1.5199999660253525       -46.663337769489587     
   1.5299999658018351       -44.851761664892017     
   1.5399999655783176       -42.947913266319759     
   1.5499999653548002       -40.954685430236061     
   1.5599999651312828       -38.875342056784035     
   1.5699999649077654       -36.713509750735966     
   1.5799999646842480       -34.473168028466652     
   1.5899999644607306       -32.158638105139417     
   1.5999999642372131       -29.774570301923433     
   1.6099999640136957       -27.325930118537411     
   1.6199999637901783       -24.817983021717531     
   1.6299999635666609       -22.256278005315451     
   1.6399999633431435       -19.646629982623750     
   1.6499999631196260       -16.995101076182806     
   1.6599999628961086       -14.307980874726271     
   1.6699999626725912       -11.591765731055780     
   1.6799999624490738       -8.8531371784810844     
   1.6899999622255564       -6.0989395470043455     
   1.6999999620020390       -3.3361568636541716     
   1.7099999617785215      -0.57188912427310612     
   1.7199999615550041        2.1866719733811379     
   1.7299999613314867        4.9322677431546058     
   1.7399999611079693        7.6575975767245836     
   1.7499999608844519        10.355344267143570     
   1.7599999606609344        13.018199493202046     
   1.7699999604374170        15.638889367383884     
   1.7799999602138996        18.210199949840092     
   1.7899999599903822        20.725002630839260     
   1.7999999597668648        23.176279284568917     
   1.8099999595433474        25.557147097957767     
   1.8199999593198299        27.860882979362035     
   1.8299999590963125        30.080947453504216     
   1.8399999588727951        32.211007950964905     
   1.8499999586492777        34.244961402800840     
   1.8599999584257603        36.176956053484446     
   1.8699999582022429        38.001412408322111     
   1.8799999579787254        39.713043234799791     
   1.8899999577552080        41.306872540911868     
   1.8999999575316906        42.778253457437785     
   1.9099999573081732        44.122884955325851     
   1.9199999570846558        45.336827333808458     
   1.9299999568611383        46.416516419590977     
   1.9399999566376209        47.358776422408269     
   1.9499999564141035        48.160831397407989     
   1.9599999561905861        48.820315270181119     
   1.9699999559670687        49.335280385793517     
   1.9799999557435513        49.704204548858137     
   1.9899999555200338        49.925996527501468     
   1.9999999552965164        49.999999999999716     
   2.0099999550729990        49.925995928864168     
   2.0199999548494816        49.704203353219860     
   2.0299999546259642        49.335278596421205     
   2.0399999544024467        48.820312891960818     
   2.0499999541789293        48.160828436827749     
   2.0599999539554119        47.358772887535402     
   2.0699999537318945        46.416512320043744     
   2.0799999535083771        45.336822680722442     
   2.0899999532848597        44.122879761314969     
   2.0999999530613422        42.778247736550128     
   2.1099999528378248        41.306866308580773     
   2.1199999526143074        39.713036507789788     
   2.1299999523907900        38.001405204670604     
   2.1399999521672726        36.176948392438966     
   2.1499999519437551        34.244953304751967     
   2.1599999517202377        32.210999437375733     
   2.1699999514967203        30.080938546835867     
   2.1799999512732029        27.860873702996010     
   2.1899999510496855        25.557137476115440     
   2.1999999508261681        23.176269342227922     
   2.2099999506026506        20.724992393647902     
   2.2199999503791332        18.210189444029560     
   2.2299999501556158        15.638878619678515     
   2.2399999499320984        13.018188530728663     
   2.2499999497085810        10.355333117339354     
   2.2599999494850636        7.6575862672443984     
   2.2699999492615461        4.9322563017781871     
   2.2799999490380287        2.1866604279197785     
   2.2899999488145113      -0.57190074606895958     
   2.2999999485909939       -3.3361685341868954     
   2.3099999483674765       -6.0989512389202192     
   2.3199999481439590       -8.8531488647594685     
   2.3299999479204416       -11.591777385097091     
   2.3399999476969242       -14.307992470437695     
   2.3499999474734068       -16.995112588061421     
   2.3599999472498894       -19.646641385837519     
   2.3699999470263720       -22.256289275780656     
   2.3799999468028545       -24.817994136173173     
   2.3899999465793371       -27.325941054616308     
   2.3999999463558197       -29.774581038218951     
   2.4099999461323023       -32.158648621268668     
   2.4199999459087849       -34.473178305129274     
   2.4299999456852674       -36.713519769768176     
   2.4399999454617500       -38.875351801208467     
   2.4499999452382326       -40.954694884306356     
   2.4599999450147152       -42.947922415560292     
   2.4699999447911978       -44.851770496132637     
   2.4799999445676804       -46.663346270894735     
   2.4899999443441629       -48.380134785069160     
   2.4999999441206455       -50.000004335908088     
   2.5099999438971281       -51.521210302801322     
   2.5199999436736107       -52.942397445221268     
   2.5299999434500933       -54.262600663961656     
   2.5399999432265759       -55.481244227194857     
   2.5499999430030584       -56.598139468923335     
   2.5599999427795410       -57.613480973422071     
   2.5699999425560236       -58.527841265231586     
   2.5799999423325062       -59.342164030139308     
   2.5899999421089888       -60.057755898363339     
   2.5999999418854713       -60.676276826800681     
   2.6099999416619539       -61.199729122698557     
   2.6199999414384365       -61.630445156435322     
   2.6299999412149191       -61.971073816230160     
   2.6399999409914017       -62.224565762522033     
   2.6499999407678843       -62.394157544447751     
   2.6599999405443668       -62.483354645287037     
   2.6699999403208494       -62.495913527912975     
   2.6799999400973320       -62.435822755172211     
   2.6899999398738146       -62.307283263705607     
   2.6999999396502972       -62.114687872992192     
   2.7099999394267797       -61.862600114345611     
   2.7199999392032623       -61.555732467199299     
   2.7299999389797449       -61.198924092276407     
   2.7399999387562275       -60.797118153141874     
   2.7499999385327101       -60.355338819171870     
   2.7599999383091927       -59.878668044141989     
   2.7699999380856752       -59.372222215427747     
   2.7799999378621578       -58.841128769223118     
   2.7899999376386404       -58.290502867217356     
   2.7999999374151230       -57.725424229823986     
   2.8099999371916056       -57.150914220330570     
   2.8199999369680882       -56.571913273238884     
   2.8299999367445707       -55.993258758593988     
   2.8399999365210533       -55.419663372264750     
   2.8499999362975359       -54.855694139945790     
   2.8599999360740185       -54.305752120107577     
   2.8699999358505011       -53.774052888241322     
   2.8799999356269836       -53.264607881537529     
   2.8899999354034662       -52.781206679613227     
   2.8999999351799488       -52.327400293081730     
   2.9099999349564314       -51.906485527649593     
   2.9199999347329140       -51.521490487048915     
   2.9299999345093966       -51.175161273485216     
   2.9399999342858791       -50.869949939418937     
   2.9499999340623617       -50.608003739424525     
   2.9599999338388443       -50.391155725601919     
   2.9699999336153269       -50.220916724574174     
   2.9799999333918095       -50.098468728512721     
   2.9899999331682920       -50.024659726911061     
   2.9999999329447746       -50.000000000000021     
   3.0099999327212572       -50.024659888788378     
   3.0199999324977398       -50.098469050742381     
   3.0299999322742224       -50.220917204113071     
   3.0399999320507050       -50.391156357902609     
   3.0499999318271875       -50.608004518455765     
   3.0599999316036701       -50.869950857693027     
   3.0699999313801527       -51.175162322091857     
   3.0799999311566353       -51.521491655695627     
   3.0899999309331179       -51.906486804708372     
   3.0999999307096004       -52.327401665641894     
   3.1099999304860830       -52.781208133540105     
   3.1199999302625656       -53.264609401536866     
   3.1299999300390482       -53.774054457929090     
   3.1399999298155308       -54.305753722084837     
   3.1499999295920134       -54.855695755878450     
   3.1599999293684959       -55.419664982967774     
   3.1699999291449785       -55.993260344119733     
   3.1799999289214611       -56.571914812969240     
   3.1899999286979437       -57.150915693072513     
   3.1999999284744263       -57.725425613908143     
   3.2099999282509089       -58.290504140599133     
   3.2199999280273914       -58.841129909586122     
   3.2299999278038740       -59.372223200288879     
   3.2399999275803566       -59.878668850957929     
   3.2499999273568392       -60.355339425446466     
   3.2599999271333218       -60.797118536533979     
   3.2699999269098043       -61.198924230707760     
   3.2799999266862869       -61.555732338961903     
   3.2899999264627695       -61.862599698208307     
   3.2999999262392521       -62.114687148305947     
   3.3099999260157347       -62.307282210506933     
   3.3199999257922173       -62.435821354284528     
   3.3299999255686998       -62.495911761045278     
   3.3399999253451824       -62.483352495129637     
   3.3499999251216650       -62.394154994764541     
   3.3599999248981476       -62.224562798238914     
   3.3699999246746302       -61.971070423519379     
   3.3799999244511127       -61.630441322795249     
   3.3899999242275953       -61.199724837028555     
   3.3999999240040779       -60.676272079470792     
   3.4099999237805605       -60.057750681278463     
   3.4199999235570431       -59.342158336797723     
   3.4299999233335257       -58.527835090777245     
   3.4399999231100082       -57.613474314690748     
   3.4499999228864908       -56.598132324482350     
   3.4599999226629734       -55.481236597376025     
   3.4699999224394560       -54.262592550887433     
   3.4799999222159386       -52.942388852824074     
   3.4899999219924212       -51.521201236835743     
   3.4999999217689037       -49.999994803955886     
   3.5099999215453863       -48.380124796537224     
   3.5199999213218689       -46.663335837005789     
   3.5299999210983515       -44.851759629908763     
   3.5399999208748341       -42.947911131799323     
   3.5499999206513166       -40.954683199551248     
   3.5599999204277992       -38.875339733709559     
   3.5699999202042818       -36.713507339438692     
   3.5799999199807644       -34.473165533494118     
   3.5899999197572470       -32.158635531406546     
   3.5999999195337296       -29.774567654698380     
   3.6099999193102121       -27.325927403425343     
   3.6199999190866947       -24.817980244643248     
   3.6299999188631773       -22.256275172505056     
   3.6399999186396599       -19.646627100584304     
   3.6499999184161425       -16.995098151681535     
   3.6599999181926250       -14.307977914768438     
   3.6699999179691076       -11.591762742861189     
   3.6799999177455902       -8.8531341694604411     
   3.6899999175220728       -6.0989365247340501     
   3.6999999172985554       -3.3361538358506526     
   3.7099999170750380      -0.57188609876682173     
   3.7199999168515205        2.1866749886729817     
   3.7299999166280031        4.9322707402550456     
   3.7399999164044857        7.6576005476244937     
   3.7499999161809683        10.355347203829790     
   3.7599999159574509        13.018202387684926     
   3.7699999157339334        15.638892211725549     
   3.7799999155104160        18.210202736182307     
   3.7899999152868986        20.725005351430863     
   3.7999999150633812        23.176281931793625     
   3.8099999148398638        25.557149664360846     
   3.8199999146163464        27.860885457676805     
   3.8299999143928289        30.080949836678151     
   3.8399999141693115        32.211010232184393     
   3.8499999139457941        34.244963575515754     
   3.8599999137222767        36.176958111431581     
   3.8699999134987593        38.001414345547410     
   3.8799999132752419        39.713045045680019     
   3.8899999130517244        41.306874220174571     
   3.8999999128282070        42.778255000180309     
   3.9099999126046896        44.122886357033117     
   3.9199999123811722        45.336828590368974     
   3.9299999121576548        46.416517527311875     
   3.9399999119341373        47.358777378028549     
   3.9499999117106199        48.160832198110256     
   3.9599999114871025        48.820315913601853     
   3.9699999112635851        49.335280870031561     
   3.9799999110400677        49.704204872481561     
   3.9899999108165503        49.925996689552790     
   3.9999999105930328        49.999999999999297     
   4.0099999103695154        49.925995766812022     
   4.0199999101459980        49.704203029595597     
   4.0299999099224806        49.335278112182337     
   4.0399999096989632        48.820312248539267     
   4.0499999094754457        48.160827636124687     
   4.0599999092519283        47.358771931914369     
   4.0699999090284109        46.416511212322078     
   4.0799999088048935        45.336821424161158     
   4.0899999085813761        44.122878359606965     
   4.0999999083578587        42.778246193806829     
   4.1099999081343412        41.306864629317360     
   4.1199999079108238        39.713034696908892     
   4.1299999076873064        38.001403267444658     
   4.1399999074637890        36.176946334491284     
   4.1499999072402716        34.244951132036469     
   4.1599999070167542        32.210997156155692     
   4.1699999067932367        30.080936163661409     
   4.1799999065697193        27.860871224680661     
   4.1899999063462019        25.557134909711898     
   4.1999999061226845        23.176266695002795     
   4.2099999058991671        20.724989673055909     
   4.2199999056756496        18.210186657687085     
   4.2299999054521322        15.638875775336539     
   4.2399999052286148        13.018185636245505     
   4.2499999050050974        10.355330180652899     
   4.2599999047815800        7.6575832963442059     
   4.2699999045580626        4.9322533046775971     
   4.2799999043345451        2.1866574126278184     
   4.2899999041110277      -0.57190377157531613     
   4.2999999038875103       -3.3361715619903585     
   4.3099999036639929       -6.0989542611905092     
   4.3199999034404755       -8.8531518737800745     
   4.3299999032169580       -11.591780373291598     
   4.3399999029934406       -14.307995430395504     
   4.3499999027699232       -16.995115512562538     
   4.3599999025464058       -19.646644267876788     
   4.3699999023228884       -22.256292108590838     
   4.3799999020993710       -24.817996913247125     
   4.3899999018758535       -27.325943769728106     
   4.3999999016523361       -29.774583685443691     
   4.4099999014288187       -32.158651195001184     
   4.4199999012053013       -34.473180800101524     
   4.4299999009817839       -36.713522181065059     
   4.4399999007582664       -38.875354124282538     
   4.4499999005347490       -40.954697114990744     
   4.4599999003112316       -42.947924550080216     
   4.4699999000877142       -44.851772531115422     
   4.4799998998641968       -46.663348203378064     
   4.4899998996406794       -48.380136612507776     
   4.4999998994171619       -50.000006056178833     
   4.5099998991936445       -51.521211914206511     
   4.5199998989701271       -52.942398946490300     
   4.5299998987466097       -54.262602054251118     
   4.5399998985230923       -55.481245506086744     
   4.5499998982995749       -56.598140636421704     
   4.5599998980760574       -57.613482029948074     
   4.5699998978525400       -58.527842211616843     
   4.5799998976290226       -59.342164867617662     
   4.5899998974055052       -60.057756628561130     
   4.5999998971819878       -60.676277451725369     
   4.6099998969584703       -61.199729644726233     
   4.6199998967349529       -61.630445578296033     
   4.6299998965114355       -61.971074140992975     
   4.6399998962879181       -62.224565993577926     
   4.6499998960644007       -62.394157685491706     
   4.6599998958408833       -62.483354700298911     
   4.6699998956173658       -62.495913501137281     
   4.6799998953938484       -62.435822651097126     
   4.6899998951703310       -62.307283087040567     
   4.6999998949468136       -62.114687628645541     
   4.7099998947232962       -61.862599807400656     
   4.7199998944997787       -61.555732102890438     
   4.7299998942762613       -61.198923675964402     
   4.7399998940527439       -60.797117690288886     
   4.7499998938292265       -60.355338315316033     
   4.7599998936057091       -59.878667504871949     
   4.7699998933821917       -59.372221646357126     
   4.7799998931586742       -58.841128175964762     
   4.7899998929351568       -58.290502255357978     
   4.7999998927116394       -57.725423604898907     
   4.8099998924881220       -57.150913587798726     
   4.8199998922646046       -56.571912638458400     
   4.8299998920410872       -55.993258126798175     
   4.8399998918175697       -55.419662748538776     
   4.8499998915940523       -54.855693529204011     
   4.8599998913705349       -54.305751527071763     
   4.8699998911470175       -53.774052317419759     
   4.8799998909235001       -53.264607337205028     
   4.8899998906999826       -52.781206165792291     
   4.8999998904764652       -52.327399813524835     
   4.9099998902529478       -51.906485085822673     
   4.9199998900294304       -51.521490086116117     
   4.9299998898059130       -51.175160916295027     
   4.9399998895823956       -50.869949628491675     
   4.9499998893588781       -50.608003476941320     
   4.9599998891353607       -50.391155513395148     
   4.9699998889118433       -50.220916564119442     
   4.9799998886883259       -50.098468620922418     
   4.9899998884648085       -50.024659672929474     
   4.9999998882412910       -50.000000000000135     
   5.0099998880177736       -50.024659942770199     
   5.0199998877942562       -50.098469158332918     
   5.0299998875707388       -50.220917364568017     
   5.0399998873472214       -50.391156570109587     
   5.0499998871237040       -50.608004780939176     
   5.0599998869001865       -50.869951168620489     
   5.0699998866766691       -51.175162679282238     
   5.0799998864531517       -51.521492056628595     
   5.0899998862296343       -51.906487246535448     
   5.0999998860061169       -52.327402145198910     
   5.1099998857825994       -52.781208647361147     
   5.1199998855590820       -53.264609945869466     
   5.1299998853355646       -53.774055028750723     
   5.1399998851120472       -54.305754315120680     
   5.1499998848885298       -54.855696366620286     
   5.1599998846650124       -55.419665606693783     
   5.1699998844414949       -55.993260975915483     
   5.1799998842179775       -56.571915447749667     
   5.1899998839944601       -57.150916325604271     
   5.1999998837709427       -57.725426238833109     
   5.2099998835474253       -58.290504752458361     
   5.2199998833239079       -58.841130502844308     
   5.2299998831003904       -59.372223769359337     
   5.2399998828768730       -59.878669390227678     
   5.2499998826533556       -60.355339929301998     
   5.2599998824298382       -60.797118999386690     
   5.2699998822063208       -61.198924647019417     
   5.2799998819828033       -61.555732703270394     
   5.2899998817592859       -61.862600005152878     
   5.2999998815357685       -62.114687392652201     
   5.3099998813122511       -62.307282387171504     
   5.3199998810887337       -62.435821458359172     
   5.3299998808652163       -62.495911787820432     
   5.3399998806416988       -62.483352440117244     
   5.3499998804181814       -62.394154853720039     
   5.3599998801946640       -62.224562567182453     
   5.3699998799711466       -61.971070098756002     
   5.3799998797476292       -61.630440900933934     
   5.3899998795241117       -61.199724315000296     
   5.3999998793005943       -60.676271454545450     
   5.4099998790770769       -60.057749951080076     
   5.4199998788535595       -59.342157499318716     
   5.4299998786300421       -58.527834144391342     
   5.4399998784065247       -57.613473258164106     
   5.4499998781830072       -56.598131156983357     
   5.4599998779594898       -55.481235318483499     
   5.4699998777359724       -54.262591160597253     
   5.4799998775124550       -52.942387351554324     
   5.4899998772889376       -51.521199625430029     
   5.4999998770654202       -49.999993083684529     
   5.5099998768419027       -48.380122969098004     
   5.5199998766183853       -46.663333904521863     
   5.5299998763948679       -44.851757594925388     
   5.5399998761713505       -42.947908997278830     
   5.5499998759478331       -40.954680968866228     
   5.5599998757243156       -38.875337410635105     
   5.5699998755007982       -36.713504928141440     
   5.5799998752772808       -34.473163038521427     
   5.5899998750537634       -32.158632957673596     
   5.5999998748302460       -29.774565007473264     
   5.6099998746067286       -27.325924688313197     
   5.6199998743832111       -24.817977467568976     
   5.6299998741596937       -22.256272339694462     
   5.6399998739361763       -19.646624218544662     
   5.6499998737126589       -16.995095227180386     
   5.6599998734891415       -14.307974954810499     
   5.6699998732656240       -11.591759754666569     
   5.6799998730421066       -8.8531311604397818     
   5.6899998728185892       -6.0989335024637441     
   5.6999998725950718       -3.3361508080472113     
   5.7099998723715544      -0.57188307326038745     
   5.7199998721480370        2.1866780039646594     
   5.7299998719245195        4.9322737373553078     
   5.7399998717010021        7.6576035185244304     
   5.7499998714774847        10.355350140515970     
   5.7599998712539673        13.018205282167763     
   5.7699998710304499        15.638895056067161     
   5.7799998708069324        18.210205522524390     
   5.7899998705834150        20.725008072022540     
   5.7999998703598976        23.176284579018379     
   5.8099998701363802        25.557152230763691     
   5.8199998699128628        27.860887935991535     
   5.8299998696893454        30.080952219851977     
   5.8399998694658279        32.211012513403752     
   5.8499998692423105        34.244965748230541     
   5.8599998690187931        36.176960169378532     
   5.8699998687952757        38.001416282772674     
   5.8799998685717583        39.713046856560005     
   5.8899998683482409        41.306875899437046     
   5.8999998681247234        42.778256542922719     
   5.9099998679012060        44.122887758740220     
   5.9199998676776886        45.336829846929326     
   5.9299998674541712        46.416518635032602     
   5.9399998672306538        47.358778333648630     
   5.9499998670071363        48.160832998812388     
   5.9599998667836189        48.820316557022444     
   5.9699998665601015        49.335281354269398     
   5.9799998663365841        49.704205196104809     
   5.9899998661130667        49.925996851603919     
   5.9999998658895493        49.999999999998700     
   6.0099998656660318        49.925995604759699     
   6.0199998654425144        49.704202705971163     
   6.0299998652189970        49.335277627943277     
   6.0399998649954796        48.820311605117581     
   6.0499998647719622        48.160826835421489     
   6.0599998645484447        47.358770976293144     
   6.0699998643249273        46.416510104600242     
   6.0799998641014099        45.336820167599718     
   6.0899998638778925        44.122876957898811     
   6.0999998636543751        42.778244651063389     
   6.1099998634308577        41.306862950053727     
   6.1199998632073402        39.713032886027761     
   6.1299998629838228        38.001401330218684     
   6.1399998627603054        36.176944276543452     
   6.1499998625367880        34.244948959320844     
   6.1599998623132706        32.210994874935537     
   6.1699998620897532        30.080933780486841     
   6.1799998618662357        27.860868746365231     
   6.1899998616427183        25.557132343308140     
   6.1999998614192009        23.176264047777718     
   6.2099998611956835        20.724986952463979     
   6.2199998609721661        18.210183871344523     
   6.2299998607486486        15.638872930994502     
   6.2399998605251312        13.018182741762299     
   6.2499998603016138        10.355327243966405     
   6.2599998600780964        7.6575803254440018     
   6.2699998598545790        4.9322503075768243     
   6.2799998596310616        2.1866543973356913     
   6.2899998594075441      -0.57190679708152836     
   6.2999998591840267       -3.3361745897938331     
   6.3099998589605093       -6.0989572834607877     
   6.3199998587369919       -8.8531548828006521     
   6.3299998585134745       -11.591783361486097     
   6.3399998582899570       -14.307998390353266     
   6.3499998580664396       -16.995118437063770     
   6.3599998578429222       -19.646647149915854     
   6.3699998576194048       -22.256294941400814     
   6.3799998573958874       -24.817999690321024     
   6.3899998571723700       -27.325946484839825     
   6.3999998569488525       -29.774586332668342     
   6.4099998567253351       -32.158653768733636     
   6.4199998565018177       -34.473183295073667     
   6.4299998562783003       -36.713524592361992     
   6.4399998560547829       -38.875356447356637     
   6.4499998558312654       -40.954699345674896     
   6.4599998556077480       -42.947926684600034     
   6.4699998553842306       -44.851774566098101     
   6.4799998551607132       -46.663350135861272     
   6.4899998549371958       -48.380138439946265     
   6.4999998547136784       -50.000007776449465     
   6.5099998544901609       -51.521213525611643     
   6.5199998542666435       -52.942400447759141     
   6.5299998540431261       -54.262603444540382     
   6.5399998538196087       -55.481246784978488     
   6.5499998535960913       -56.598141803919930     
   6.5599998533725739       -57.613483086473934     
   6.5699998531490564       -58.527843158001971     
   6.5799998529255390       -59.342165705095915     
   6.5899998527020216       -60.057757358758856     
   6.5999998524785042       -60.676278076650078     
   6.6099998522549868       -61.199730166753660     
   6.6199998520314693       -61.630446000156638     
   6.6299998518079519       -61.971074465755684     
   6.6399998515844345       -62.224566224633712     
   6.6499998513609171       -62.394157826535569     
   6.6599998511373997       -62.483354755310707     
   6.6699998509138823       -62.495913474361565     
   6.6799998506903648       -62.435822547021900     
   6.6899998504668474       -62.307282910375505     
   6.6999998502433300       -62.114687384298783     
   6.7099998500198126       -61.862599500455616     
   6.7199998497962952       -61.555731738581507     
   6.7299998495727777       -61.198923259652375     
   6.7399998493492603       -60.797117227435812     
   6.7499998491257429       -60.355337811460096     
   6.7599998489022255       -59.878666965601866     
   6.7699998486787081       -59.372221077286483     
   6.7799998484551907       -58.841127582706363     
   6.7899998482316732       -58.290501643498594     
   6.7999998480081558       -57.725422979973807     
   6.8099998477846384       -57.150912955266875     
   6.8199998475611210       -56.571912003677916     
   6.8299998473376036       -55.993257495002347     
   6.8399998471140862       -55.419662124812831     
   6.8499998468905687       -54.855692918462275     
   6.8599998466670513       -54.305750934035977     
   6.8699998464435339       -53.774051746598218     
   6.8799998462200165       -53.264606792872549     
   6.8899998459964991       -52.781205651971398     
   6.8999998457729816       -52.327399333967982     
   6.9099998455494642       -51.906484643995775     
   6.9199998453259468       -51.521489685183354     
   6.9299998451024294       -51.175160559104896     
   6.9399998448789120       -50.869949317564469     
   6.9499998446553946       -50.608003214458172     
   6.9599998444318771       -50.391155301188441     
   6.9699998442083597       -50.220916403664773     
   6.9799998439848423       -50.098468513332172     
   6.9899998437613249       -50.024659618947950     
   6.9999998435378075       -50.000000000000320     
   7.0099998433142900       -50.024659996752050     
   7.0199998430907726       -50.098469265923519     
   7.0299998428672552       -50.220917525023033     
   7.0399998426437378       -50.391156782316635     
   7.0499998424202204       -50.608005043422629     
   7.0599998421967030       -50.869951479547993     
   7.0699998419731855       -51.175163036472682     
   7.0799998417496681       -51.521492457561635     
   7.0899998415261507       -51.906487688362546     
   7.0999998413026333       -52.327402624755983     
   7.1099998410791159       -52.781209161182232     
   7.1199998408555984       -53.264610490202102     
   7.1299998406320810       -53.774055599572378     
   7.1399998404085636       -54.305754908156558     
   7.1499998401850462       -54.855696977362115     
   7.1599998399615288       -55.419666230419708     
   7.1699998397380114       -55.993261607711261     
   7.1799998395144939       -56.571916082530080     
   7.1899998392909765       -57.150916958136008     
   7.1999998390674591       -57.725426863758067     
   7.2099998388439417       -58.290505364317568     
   7.2199998386204243       -58.841131096102458     
   7.2299998383969069       -59.372224338429724     
   7.2399998381733894       -59.878669929497484     
   7.2499998379498720       -60.355340433157536     
   7.2599998377263546       -60.797119462239337     
   7.2699998375028372       -61.198925063331025     
   7.2799998372793198       -61.555733067578835     
   7.2899998370558023       -61.862600312097385     
   7.2999998368322849       -62.114687636998390     
   7.3099998366087675       -62.307282563835997     
   7.3199998363852501       -62.435821562433723     
   7.3299998361617327       -62.495911814595509     
   7.3399998359382153       -62.483352385104752     
   7.3499998357146978       -62.394154712675444     
   7.3599998354911804       -62.224562336125899     
   7.3699998352676630       -61.971069773992497     
   7.3799998350441456       -61.630440479072512     
   7.3899998348206282       -61.199723792971952     
   7.3999998345971107       -60.676270829619916     
   7.4099998343735933       -60.057749220881519     
   7.4199998341500759       -59.342156661839596     
   7.4299998339265585       -58.527833198005318     
   7.4399998337030411       -57.613472201637336     
   7.4499998334795237       -56.598129989484228     
   7.4599998332560062       -55.481234039590852     
   7.4699998330324888       -54.262589770307009     
   7.4799998328089714       -52.942385850284658     
   7.4899998325854540       -51.521198014024094     
   7.4999998323619366       -49.999991363413045     
   7.5099998321384192       -48.380121141658670     
   7.5199998319149017       -46.663331972037838     
   7.5299998316913843       -44.851755559941921     
   7.5399998314678669       -42.947906862758231     
   7.5499998312443495       -40.954678738181215     
   7.5599998310208321       -38.875335087560181     
   7.5699998307973146       -36.713502516843974     
   7.5799998305737972       -34.473160543548651     
   7.5899998303502798       -32.158630383940576     
   7.5999998301267624       -29.774562360248062     
   7.6099998299032450       -27.325921973200991     
   7.6199998296797276       -24.817974690494641     
   7.6299998294562101       -22.256269506883953     
   7.6399998292326927       -19.646621336505405     
   7.6499998290091753       -16.995092302679023     
   7.6599998287856579       -14.307971994852526     
   7.6699998285621405       -11.591756766471923     
   7.6799998283386230       -8.8531281514191047     
   7.6899998281151056       -6.0989304801934319     
   7.6999998278915882       -3.3361477802437642     
   7.7099998276680708      -0.57188004775411971     
   7.7199998274445534        2.1866810192567865     
   7.7299998272210360        4.9322767344556979     
   7.7399998269975185        7.6576064894243459     
   7.7499998267740011        10.355353077202109     
   7.7599998265504837        13.018208176650544     
   7.7699998263269663        15.638897900408711     
   7.7799998261034489        18.210208308866402     
   7.7899998258799314        20.725010792613986     
   7.7999998256564140        23.176287226242636     
   7.8099998254328966        25.557154797166582     
   7.8199998252093792        27.860890414306173     
   7.8299998249858618        30.080954603025695     
   7.8399998247623444        32.211014794623004     
   7.8499998245388269        34.244967920945200     
   7.8599998243153095        36.176962227325362     
   7.8699998240917921        38.001418219997710     
   7.8799998238682747        39.713048667440134     
   7.8899998236447573        41.306877578699464     
   7.8999998234212399        42.778258085664980     
   7.9099998231977224        44.122889160447166     
   7.9199998229742050        45.336831103489530     
   7.9299998227506876        46.416519742753160     
   7.9399998225271702        47.358779289268554     
   7.9499998223036528        48.160833799514307     
   7.9599998220801353        48.820317200442766     
   7.9699998218566179        49.335281838507093     
   7.9799998216331005        49.704205519727886     
   7.9899998214095831        49.925997013654886     
   7.9999998211860657        49.999999999997932     
   8.0099998209625483        49.925995442707190     
   8.0199998207390308        49.704202382346558     
   8.0299998205155134        49.335277143704062     
   8.0399998202919960        48.820310961695618     
   8.0499998200684786        48.160826034718077     
   8.0599998198449612        47.358770020671763     
   8.0699998196214437        46.416508996878242     
   8.0799998193979263        45.336818911038115     
   8.0899998191744089        44.122875556190493     
   8.0999998189508915        42.778243108319799     
   8.1099998187273741        41.306861270790023     
   8.1199998185038567        39.713031075146766     
   8.1299998182803392        38.001399392992461     
   8.1399998180568218        36.176942218595492     
   8.1499998178333044        34.244946786605098     
   8.1599998176097870        32.210992593715268     
   8.1699998173862696        30.080931397312160     
   8.1799998171627522        27.860866268049712     
   8.1899998169392347        25.557129776904418     
   8.1999998167157173        23.176261400552150     
   8.2099998164921999        20.724984231871836     
   8.2199998162686825        18.210181085001885     
   8.2299998160451651        15.638870086652409     
   8.2399998158216476        13.018179847279043     
   8.2499998155981302        10.355324307279867     
   8.2599998153746128        7.6575773545437595     
   8.2699998151510954        4.9322473104761846     
   8.2799998149275780        2.1866513820440137     
   8.2899998147040606      -0.57190982258789602     
   8.2999998144805431       -3.3361776175973077     
   8.3099998142570257       -6.0989603057310662     
   8.3199998140335083       -8.8531578918212226     
   8.3299998138099909       -11.591786349680556     
   8.3399998135864735       -14.308001350310985     
   8.3499998133629560       -16.995121361564799     
   8.3599998131394386       -19.646650031955318     
   8.3699998129159212       -22.256297774210871     
   8.3799998126924038       -24.818002467394859     
   8.3899998124688864       -27.325949199951470     
   8.3999998122453690       -29.774588979892926     
   8.4099998120218515       -32.158656342465996     
   8.4199998117983341       -34.473185790045719     
   8.4299998115748167       -36.713527003658683     
   8.4399998113512993       -38.875358770430260     
   8.4499998111277819       -40.954701576359064     
   8.4599998109042645       -42.947928819119753     
   8.4699998106807470       -44.851776601080665     
   8.4799998104572296       -46.663352068344366     
   8.4899998102337122       -48.380140267384647     
   8.4999998100101948       -50.000009496719969     
   8.5099998097866774       -51.521215137016583     
   8.5199998095631599       -52.942401949028095     
   8.5299998093396425       -54.262604834829610     
   8.5399998091161251       -55.481248063870112     
   8.5499998088926077       -56.598142971418028     
   8.5599998086690903       -57.613484142999695     
   8.5699998084455729       -58.527844104386986     
   8.5799998082220554       -59.342166542574049     
   8.5899998079985380       -60.057758088956426     
   8.5999998077750206       -60.676278701574525     
   8.6099998075515032       -61.199730688781059     
   8.6199998073279858       -61.630446422017151     
   8.6299998071044683       -61.971074790518287     
   8.6399998068809509       -62.224566455689413     
   8.6499998066574335       -62.394157967579332     
   8.6599998064339161       -62.483354810322389     
   8.6699998062103987       -62.495913447585735     
   8.6799998059868813       -62.435822442946609     
   8.6899998057633638       -62.307282733710359     
   8.6999998055398464       -62.114687139951961     
   8.7099998053163290       -61.862599193510533     
   8.7199998050928116       -61.555731374272540     
   8.7299998048692942       -61.198922843340263     
   8.7399998046457767       -60.797116764582725     
   8.7499998044222593       -60.355337307604159     
   8.7599998041987419       -59.878666426331819     
   8.7699998039752245       -59.372220508215776     
   8.7799998037517071       -58.841126989447964     
   8.7899998035281897       -58.290501031639174     
   8.7999998033046722       -57.725422355048693     
   8.8099998030811548       -57.150912322735024     
   8.8199998028576374       -56.571911368897446     
   8.8299998026341200       -55.993256863206554     
   8.8399998024106026       -55.419661501086800     
   8.8499998021870852       -54.855692307720524     
   8.8599998019635677       -54.305750341000227     
   8.8699998017400503       -53.774051175776705     
   8.8799998015165329       -53.264606248540105     
   8.8899998012930155       -52.781205138150533     
   8.8999998010694981       -52.327398854411179     
   8.9099998008459806       -51.906484202168947     
   8.9199998006224632       -51.521489284250691     
   8.9299998003989458       -51.175160201914807     
   8.9399998001754284       -50.869949006637313     
   8.9499997999519110       -50.608002951975081     
   8.9599997997283936       -50.391155088981790     
   8.9699997995048761       -50.220916243210155     
   8.9799997992813587       -50.098468405741990     
   8.9899997990578413       -50.024659564966498     
   8.9999997988343239       -50.000000000000547     
   9.0099997986108065       -50.024660050733992     
   9.0199997983872890       -50.098469373514163     
   9.0299997981637716       -50.220917685478106     
   9.0399997979402542       -50.391156994523733     
   9.0499997977167368       -50.608005305906154     
   9.0599997974932194       -50.869951790475554     
   9.0699997972697020       -51.175163393663162     
   9.0799997970461845       -51.521492858494653     
   9.0899997968226671       -51.906488130189700     
   9.0999997965991497       -52.327403104313085     
   9.1099997963756323       -52.781209675003360     
   9.1199997961521149       -53.264611034534759     
   9.1299997959285975       -53.774056170394083     
   9.1399997957050800       -54.305755501192451     
   9.1499997954815626       -54.855697588103943     
   9.1599997952580452       -55.419666854145774     
   9.1699997950345278       -55.993262239507047     
   9.1799997948110104       -56.571916717310501     
   9.1899997945874929       -57.150917590667760     
   9.1999997943639755       -57.725427488683010     
   9.2099997941404581       -58.290505976176753     
   9.2199997939169407       -58.841131689360601     
   9.2299997936934233       -59.372224907500090     
   9.2399997934699059       -59.878670468767140     
   9.2499997932463884       -60.355340937013032     
   9.2599997930228710       -60.797119925091934     
   9.2699997927993536       -61.198925479642575     
   9.2799997925758362       -61.555733431887205     
   9.2899997923523188       -61.862600619041807     
   9.2999997921288013       -62.114687881344487     
   9.3099997919052839       -62.307282740500412     
   9.3199997916817665       -62.435821666508204     
   9.3299997914582491       -62.495911841370486     
   9.3399997912347317       -62.483352330092167     
   9.3499997910112143       -62.394154571630757     
   9.3599997907876968       -62.224562105069246     
   9.3699997905641794       -61.971069449228899     
   9.3799997903406620       -61.630440057210976     
   9.3899997901171446       -61.199723270943494     
   9.3999997898936272       -60.676270204694383     
   9.4099997896701097       -60.057748490682862     
   9.4199997894465923       -59.342155824360340     
   9.4299997892230749       -58.527832251619181     
   9.4399997889995575       -57.613471145110452     
   9.4499997887760401       -56.598128821984972     
   9.4599997885525227       -55.481232760698084     
   9.4699997883290052       -54.262588380016666     
   9.4799997881054878       -52.942384349014581     
   9.4899997878819704       -51.521196402618038     
   9.4999997876584530       -49.999989643141440     
   9.5099997874349356       -48.380119314219215     
   9.5199997872114182       -46.663330039553678     
   9.5299997869879007       -44.851753524958333     
   9.5399997867643833       -42.947904728237532     
   9.5499997865408659       -40.954676507496089     
   9.5599997863173485       -38.875332764485655     
   9.5699997860938311       -36.713500105546416     
   9.5799997858703136       -34.473158048575797     
   9.5899997856467962       -32.158627810207463     
   9.5999997854232788       -29.774559713022796     
   9.6099997851997614       -27.325919258088703     
   9.6199997849762440       -24.817971913420227     
   9.6299997847527266       -22.256266674073384     
   9.6399997845292091       -19.646618454465507     
   9.6499997843056917       -16.995089378177632     
   9.6599997840821743       -14.307969034894509     
   9.6699997838586569       -11.591753778277248     
   9.6799997836351395       -8.8531251423983992     
   9.6899997834116220       -6.0989274579230983     
   9.6999997831881046       -3.3361447524405454     
   9.7099997829645872      -0.57187702224785752     
   9.7199997827410698        2.1866840345482697     
   9.7299997825175524        4.9322797315562825     
   9.7399997822940350        7.6576094603242275     
   9.7499997820705175        10.355356013887985     
   9.7599997818470001        13.018211071133276     
   9.7699997816234827        15.638900744750398     
   9.7799997813999653        18.210211095208344     
   9.7899997811764479        20.725013513205173     
   9.7999997809529305        23.176289873467361     
   9.8099997807294130        25.557157363569381     
   9.8199997805058956        27.860892892620875     
   9.8299997802823782        30.080956986199308     
   9.8399997800588608        32.211017075841980     
   9.8499997798353434        34.244970093659752     
   9.8599997796118259        36.176964285272192     
   9.8699997793883085        38.001420157222597     
   9.8799997791647911        39.713050478319751     
   9.8899997789412737        41.306879257961612     
   9.8999997787177563        42.778259628407092     
   9.9099997784942389        44.122890562154062     
   9.9199997782707214        45.336832360049570     
   9.9299997780472040        46.416520850473482     
   9.9399997778236866        47.358780244888301     
   9.9499997776001692        48.160834600216106     
   9.9599997773766518        48.820317843863045     
   9.9699997771531343        49.335282322744618     
   9.9799997769296169        49.704205843350763     
   9.9899997767060995        49.925997175705668     
   9.9999997764825821        49.999999999996980     
