   0.00000000      0.141120002    
   2.73389942E-15  0.141120002    
   5.46692937E-15  0.141035035    
   8.19935940E-15  0.140865088    
   1.09314608E-14  0.140610158    
   1.36635029E-14  0.140270233    
   1.63957576E-14  0.139845312    
   1.91284959E-14  0.139335379    
   2.18619881E-14  0.138740152    
   2.45965053E-14  0.138059884    
   2.73323166E-14  0.137294531    
   3.00696933E-14  0.136443824    
   3.28089030E-14  0.135507986    
   3.55502269E-14  0.134486735    
   3.82939225E-14  0.133380041    
   4.10402710E-14  0.132187635    
   4.37895400E-14  0.130909473    
   4.65420007E-14  0.129545510    
   4.92979308E-14  0.128095478    
   5.20575946E-14  0.126559317    
   5.48212768E-14  0.124936752    
   5.75892348E-14  0.123227723    
   6.03617566E-14  0.121432193    
   6.31391166E-14  0.119549625    
   6.59215724E-14  0.117579974    
   6.87094221E-14  0.115523189    
   7.15029232E-14  0.113378733    
   7.43023671E-14  0.111146554    
   7.71080248E-14  0.108826354    
   7.99201674E-14  0.106418096    
   8.27390931E-14  0.103921235    
   8.55650593E-14  0.101335719    
   8.83983709E-14   9.86610278E-02
   9.12392855E-14   9.58971009E-02
   9.40880877E-14   9.30436477E-02
   9.69450689E-14   9.01001543E-02
   9.98105136E-14   8.70665684E-02
   1.02684700E-13   8.39423761E-02
   1.05567912E-13   8.07272866E-02
   1.08460441E-13   7.74212703E-02
   1.11362579E-13   7.40235746E-02
   1.14274611E-13   7.05341771E-02
   1.17196807E-13   6.69525638E-02
   1.20129492E-13   6.32784814E-02
   1.23072925E-13   5.95116764E-02
   1.26027417E-13   5.56516610E-02
   1.28993265E-13   5.16981892E-02
   1.31970742E-13   4.76507954E-02
   1.34960145E-13   4.35090065E-02
   1.37961799E-13   3.92728485E-02
   1.40975976E-13   3.49416249E-02
   1.44002974E-13   3.05151362E-02
   1.47043090E-13   2.59929541E-02
   1.50096664E-13   2.13746559E-02
   1.53163940E-13   1.66600700E-02
   1.56245256E-13   1.18487999E-02
   1.59340897E-13   6.94046030E-03
   1.62451175E-13   1.93467818E-03
   1.65576415E-13  -3.16890352E-03
   1.68716901E-13  -8.37062765E-03
   1.71872919E-13  -1.36705833E-02
   1.75044834E-13  -1.90693177E-02
   1.78232917E-13  -2.45671272E-02
   1.81437480E-13  -3.01642828E-02
   1.84658861E-13  -3.58612798E-02
   1.87897332E-13  -4.16581146E-02
   1.91153218E-13  -4.75552343E-02
   1.94426859E-13  -5.35528325E-02
   1.97718537E-13  -5.96510768E-02
   2.01028566E-13  -6.58503473E-02
   2.04357283E-13  -7.21507519E-02
   2.07705001E-13  -7.85526261E-02
   2.11072032E-13  -8.50560218E-02
   2.14458673E-13  -9.16612074E-02
   2.17865277E-13  -9.83681828E-02
   2.21292128E-13 -0.105177149    
   2.24739579E-13 -0.112088040    
   2.28207915E-13 -0.119100988    
   2.31697474E-13 -0.126216084    
   2.35208581E-13 -0.133433387    
   2.38741535E-13 -0.140752912    
   2.42296661E-13 -0.148174375    
   2.45874312E-13 -0.155697986    
   2.49474757E-13 -0.163323343    
   2.53098296E-13 -0.171050549    
   2.56745309E-13 -0.178879127    
   2.60416092E-13 -0.186809078    
   2.64110917E-13 -0.194839805    
   2.67830137E-13 -0.202971190    
   2.71574050E-13 -0.211202800    
   2.75343008E-13 -0.219534367    
   2.79137255E-13 -0.227965087    
   2.82957116E-13 -0.236494586    
   2.86802916E-13 -0.245122403    
   2.90674982E-13 -0.253847539    
   2.94573583E-13 -0.262669623    
   2.98499046E-13 -0.271587491    
   3.02451613E-13 -0.280600667    
   3.06431584E-13 -0.289707839    
   3.10439337E-13 -0.298908293    
   3.14475063E-13 -0.308200777    
   3.18539113E-13 -0.317584246    
   3.22631678E-13 -0.327057272    
   3.26753137E-13 -0.336618781    
   3.30903734E-13 -0.346267134    
   3.35083686E-13 -0.356000900    
   3.39293318E-13 -0.365818232    
   3.43532874E-13 -0.375717640    
   3.47802570E-13 -0.385697335    
   3.52102679E-13 -0.395755172    
   3.56433443E-13 -0.405889302    
   3.60795053E-13 -0.416097552    
   3.65187806E-13 -0.426377445    
   3.69611866E-13 -0.436726719    
   3.74067449E-13 -0.447142869    
   3.78554799E-13 -0.457623154    
   3.83074052E-13 -0.468164772    
   3.87625424E-13 -0.478764921    
   3.92209079E-13 -0.489420503    
   3.96825205E-13 -0.500128210    
   4.01473939E-13 -0.510884583    
   4.06155442E-13 -0.521686077    
   4.10869824E-13 -0.532529056    
   4.15617248E-13 -0.543409646    
   4.20397766E-13 -0.554323971    
   4.25211542E-13 -0.565267682    
   4.30058577E-13 -0.576236308    
   4.34939031E-13 -0.587225437    
   4.39852852E-13 -0.598230243    
   4.44800203E-13 -0.609245896    
   4.49781000E-13 -0.620266914    
   4.54795327E-13 -0.631288350    
   4.59843101E-13 -0.642304361    
   4.64924323E-13 -0.653309464    
   4.70038993E-13 -0.664297462    
   4.75187001E-13 -0.675262272    
   4.80368241E-13 -0.686197400    
   4.85582711E-13 -0.697096407    
   4.90830141E-13 -0.707952380    
   4.96110477E-13 -0.718758285    
   5.01423555E-13 -0.729506612    
   5.06769106E-13 -0.740190148    
   5.12147020E-13 -0.750800908    
   5.17556972E-13 -0.761330962    
   5.22998745E-13 -0.771772027    
   5.28471960E-13 -0.782115459    
   5.33976400E-13 -0.792352796    
   5.39511686E-13 -0.802474678    
   5.45077438E-13 -0.812472284    
   5.50673222E-13 -0.822336078    
   5.56298605E-13 -0.832056344    
   5.61953153E-13 -0.841622889    
   5.67636270E-13 -0.851025760    
   5.73347630E-13 -0.860254347    
   5.79086529E-13 -0.869298041    
   5.84852316E-13 -0.878146172    
   5.90644504E-13 -0.886787176    
   5.96462333E-13 -0.895210028    
   6.02305044E-13 -0.903402984    
   6.08172096E-13 -0.911354363    
   6.14062512E-13 -0.919052124    
   6.19975588E-13 -0.926484108    
   6.25910456E-13 -0.933637738    
   6.31866196E-13 -0.940500557    
   6.37841830E-13 -0.947059929    
   6.43836492E-13 -0.953302920    
   6.49849098E-13 -0.959216356    
   6.55878672E-13 -0.964787006    
   6.61923966E-13 -0.970001638    
   6.67984006E-13 -0.974846780    
   6.74057490E-13 -0.979308844    
   6.80143279E-13 -0.983374476    
   6.86240019E-13 -0.987029791    
   6.92346516E-13 -0.990261137    
   6.98461417E-13 -0.993054867    
   7.04583093E-13 -0.995397210    
   7.10710408E-13 -0.997274518    
   7.16841734E-13 -0.998673141    
   7.22975553E-13 -0.999579549    
   7.29110240E-13 -0.999980211    
   7.35244276E-13 -0.999861896    
   7.41375982E-13 -0.999211371    
   7.47503676E-13 -0.998015583    
   7.53625623E-13 -0.996261835    
   7.59739981E-13 -0.993937612    
   7.65845015E-13 -0.991030514    
   7.71938936E-13 -0.987528801    
   7.78019738E-13 -0.983420730    
   7.84085416E-13 -0.978695154    
   7.90134288E-13 -0.973341107    
   7.96164079E-13 -0.967348456    
   8.02172944E-13 -0.960707247    
   8.08158716E-13 -0.953408122    
   8.14119280E-13 -0.945442140    
   8.20052739E-13 -0.936801434    
   8.25956708E-13 -0.927478194    
   8.31829126E-13 -0.917465687    
   8.37667826E-13 -0.906757712    
   8.43470638E-13 -0.895348728    
   8.49235233E-13 -0.883234382    
   8.54959441E-13 -0.870410681    
   8.60641040E-13 -0.856874764    
   8.66277698E-13 -0.842624724    
   8.71867249E-13 -0.827659190    
   8.77407305E-13 -0.811978281    
   8.82895699E-13 -0.795582771    
   8.88330208E-13 -0.778474510    
   8.93708501E-13 -0.760656536    
   8.99028410E-13 -0.742133081    
   9.04287712E-13 -0.722908974    
   9.09483968E-13 -0.702990890    
   9.14615280E-13 -0.682386339    
   9.19679372E-13 -0.661103785    
   9.24674074E-13 -0.639152944    
   9.29597328E-13 -0.616545141    
   9.34447073E-13 -0.593292356    
   9.39221249E-13 -0.569408536    
   9.43917795E-13 -0.544908047    
   9.48534870E-13 -0.519807339    
   9.53070739E-13 -0.494123578    
   9.57523232E-13 -0.467875063    
   9.61890940E-13 -0.441081733    
   9.66171804E-13 -0.413764268    
   9.70364414E-13 -0.385944992    
   9.74467252E-13 -0.357647240    
   9.78478474E-13 -0.328895122    
   9.82397106E-13 -0.299714714    
   9.86221630E-13 -0.270132631    
   9.89950634E-13 -0.240176648    
   9.93583145E-13 -0.209875420    
   9.97117970E-13 -0.179259107    
   1.00055424E-12 -0.148358271    
   1.00389109E-12 -0.117204845    
   1.00712765E-12  -8.58311132E-02
   1.01026338E-12  -5.42701222E-02
   1.01329774E-12  -2.25566011E-02
   1.01623007E-12   9.27500147E-03
   1.01906016E-12   4.11891565E-02
   1.02178780E-12   7.31502622E-02
   1.02441276E-12  0.105121285    
   1.02693516E-12  0.137065709    
   1.02935510E-12  0.168946669    
   1.03167269E-12  0.200726077    
   1.03388847E-12  0.232366547    
   1.03600288E-12  0.263830096    
   1.03801635E-12  0.295078665    
   1.03992975E-12  0.326074630    
   1.04174406E-12  0.356779963    
   1.04345981E-12  0.387156874    
   1.04507841E-12  0.417168111    
   1.04660096E-12  0.446776748    
   1.04802874E-12  0.475945771    
   1.04936329E-12  0.504638970    
   1.05060611E-12  0.532820702    
   1.05175872E-12  0.560455799    
   1.05282308E-12  0.587509751    
   1.05380093E-12  0.613948643    
   1.05469431E-12  0.639739811    
   1.05550529E-12  0.664850533    
   1.05623615E-12  0.689249992    
   1.05688906E-12  0.712907791    
   1.05746661E-12  0.735794485    
   1.05797099E-12  0.757881939    
   1.05840488E-12  0.779142916    
   1.05877102E-12  0.799551547    
   1.05907199E-12  0.819082856    
   1.05931073E-12  0.837713182    
   1.05949017E-12  0.855420232    
   1.05961312E-12  0.872182488    
   1.05968272E-12  0.887980580    
   1.05970202E-12  0.902795613    
   1.05967405E-12  0.916610301    
   1.05960217E-12  0.929409027    
   1.05948963E-12  0.941177011    
   1.05933957E-12  0.951901019    
   1.05915548E-12  0.961569309    
   1.05894059E-12  0.970171213    
   1.05869859E-12  0.977697611    
   1.05843264E-12  0.984140754    
   1.05814608E-12  0.989494145    
   1.05784272E-12  0.993752599    
   1.05752592E-12  0.996912181    
   1.05719914E-12  0.998970389    
   1.05686597E-12  0.999925971    
   1.05652976E-12  0.999778807    
   1.05619409E-12  0.998530209    
   1.05586265E-12  0.996182501    
   1.05553869E-12  0.992739439    
   1.05522579E-12  0.988205671    
   1.05492752E-12  0.982587218    
   1.05464715E-12  0.975891054    
   1.05438824E-12  0.968125343    
   1.05415405E-12  0.959299088    
   1.05394805E-12  0.949422717    
   1.05377350E-12  0.938507497    
   1.05363385E-12  0.926565588    
   1.05353226E-12  0.913609862    
   1.05347187E-12  0.899654925    
   1.05345593E-12  0.884715378    
   1.05348759E-12  0.868806958    
   1.05356988E-12  0.851946473    
   1.05370573E-12  0.834151328    
   1.05389829E-12  0.815440178    
   1.05415037E-12  0.795831561    
   1.05446468E-12  0.775345683    
   1.05484415E-12  0.754003346    
   1.05529149E-12  0.731825113    
   1.05580919E-12  0.708833933    
   1.05639987E-12  0.685051858    
   1.05706622E-12  0.660501897    
   1.05781031E-12  0.635208309    
   1.05863484E-12  0.609196067    
   1.05954178E-12  0.582489431    
   1.06053350E-12  0.555115581    
   1.06161206E-12  0.527099967    
   1.06277942E-12  0.498469532    
   1.06403753E-12  0.469252676    
   1.06538834E-12  0.439476788    
   1.06683336E-12  0.409171551    
   1.06837445E-12  0.378365636    
   1.07001311E-12  0.347090006    
   1.07175076E-12  0.315374523    
   1.07358881E-12  0.283249676    
   1.07552856E-12  0.250748366    
   1.07757119E-12  0.217902243    
   1.07971770E-12  0.184744596    
   1.08196915E-12  0.151308313    
   1.08432621E-12  0.117627867    
   1.08678973E-12   8.37374106E-02
   1.08936037E-12   4.96726334E-02
   1.09203868E-12   1.54689103E-02
   1.09482486E-12  -1.88368391E-02
   1.09771946E-12  -5.32080308E-02
   1.10072249E-12  -8.76065344E-02
   1.10383415E-12 -0.121994570    
   1.10705423E-12 -0.156332821    
   1.11038251E-12 -0.190583274    
   1.11381878E-12 -0.224704504    
   1.11736260E-12 -0.258656412    
   1.12101333E-12 -0.292398393    
   1.12477031E-12 -0.325888306    
   1.12863278E-12 -0.359084427    
   1.13259955E-12 -0.391943693    
   1.13666975E-12 -0.424423367    
   1.14084198E-12 -0.456479460    
   1.14511493E-12 -0.488068432    
   1.14948719E-12 -0.519144595    
   1.15395681E-12 -0.549663723    
   1.15852228E-12 -0.579581141    
   1.16318142E-12 -0.608850420    
   1.16793218E-12 -0.637426436    
   1.17277249E-12 -0.665262401    
   1.17769997E-12 -0.692312241    
   1.18271191E-12 -0.718530595    
   1.18780571E-12 -0.743870616    
   1.19297844E-12 -0.768286347    
   1.19822739E-12 -0.791731417    
   1.20354930E-12 -0.814160287    
   1.20894083E-12 -0.835527360    
   1.21439859E-12 -0.855787933    
   1.21991935E-12 -0.874897301    
   1.22549898E-12 -0.892811596    
   1.23113379E-12 -0.909487188    
   1.23682000E-12 -0.924882352    
   1.24255337E-12 -0.938955486    
   1.24832978E-12 -0.951666594    
   1.25414479E-12 -0.962976635    
   1.25999395E-12 -0.972848237    
   1.26587261E-12 -0.981245279    
   1.27177620E-12 -0.988133252    
   1.27769984E-12 -0.993479967    
   1.28363867E-12 -0.997254729    
   1.28958736E-12 -0.999429226    
   1.29554137E-12 -0.999977410    
   1.30149526E-12 -0.998875558    
   1.30744352E-12 -0.996102810    
   1.31338115E-12 -0.991640866    
   1.31930252E-12 -0.985474586    
   1.32520253E-12 -0.977591634    
   1.33107566E-12 -0.967983007    
   1.33691625E-12 -0.956643164    
   1.34271890E-12 -0.943569839    
   1.34847808E-12 -0.928764760    
   1.35418825E-12 -0.912233055    
   1.35984399E-12 -0.893984079    
   1.36543977E-12 -0.874031126    
   1.37097050E-12 -0.852391481    
   1.37643044E-12 -0.829086542    
   1.38181448E-12 -0.804141879    
   1.38711731E-12 -0.777587116    
   1.39233406E-12 -0.749457300    
   1.39745962E-12 -0.719790697    
   1.40248913E-12 -0.688630283    
   1.40741769E-12 -0.656023324    
   1.41224109E-12 -0.622022033    
   1.41695466E-12 -0.586682081    
   1.42155428E-12 -0.550064087    
   1.42603572E-12 -0.512231767    
   1.43039541E-12 -0.473254532    
   1.43462965E-12 -0.433203816    
   1.43873498E-12 -0.392155647    
   1.44270837E-12 -0.350190431    
   1.44654698E-12 -0.307390988    
   1.45024802E-12 -0.263844311    
   1.45380930E-12 -0.219639301    
   1.45722876E-12 -0.174868613    
   1.46050479E-12 -0.129626349    
   1.46363542E-12  -8.40098262E-02
   1.46662012E-12  -3.81183140E-02
   1.46945769E-12   7.94723444E-03
   1.47214771E-12   5.40854260E-02
   1.47469005E-12  0.100191876    
   1.47708484E-12  0.146163315    
   1.47933261E-12  0.191895023    
   1.48143401E-12  0.237282157    
   1.48339045E-12  0.282220036    
   1.48520291E-12  0.326605290    
   1.48687356E-12  0.370334536    
   1.48840467E-12  0.413305432    
   1.48979830E-12  0.455417097    
   1.49105739E-12  0.496571273    
   1.49218539E-12  0.536670864    
   1.49318513E-12  0.575622737    
   1.49406052E-12  0.613333941    
   1.49481588E-12  0.649716794    
   1.49545502E-12  0.684685946    
   1.49598270E-12  0.718159258    
   1.49640359E-12  0.750059187    
   1.49672278E-12  0.780310988    
   1.49694547E-12  0.808844209    
   1.49707764E-12  0.835593045    
   1.49712436E-12  0.860496700    
   1.49709195E-12  0.883497655    
   1.49698624E-12  0.904544175    
   1.49681352E-12  0.923589051    
   1.49658020E-12  0.940589666    
   1.49629289E-12  0.955508471    
   1.49595820E-12  0.968313396    
   1.49558285E-12  0.978976846    
   1.49517367E-12  0.987476468    
   1.49473760E-12  0.993795216    
   1.49428148E-12  0.997920811    
   1.49381256E-12  0.999845982    
   1.49333746E-12  0.999568522    
   1.49286334E-12  0.997091174    
   1.49239746E-12  0.992421448    
   1.49194654E-12  0.985571682    
   1.49151752E-12  0.976558805    
   1.49111745E-12  0.965404451    
   1.49075283E-12  0.952134788    
   1.49043061E-12  0.936780214    
   1.49015739E-12  0.919375062    
   1.48993968E-12  0.899958372    
   1.48978388E-12  0.878572822    
   1.48969606E-12  0.855265617    
   1.48968262E-12  0.830086410    
   1.48974919E-12  0.803089976    
   1.48990184E-12  0.774333656    
   1.49014579E-12  0.743878424    
   1.49048677E-12  0.711788416    
   1.49092967E-12  0.678130329    
   1.49147968E-12  0.642975450    
   1.49214115E-12  0.606396556    
   1.49291918E-12  0.568469286    
   1.49381755E-12  0.529272079    
   1.49484028E-12  0.488886654    
   1.49599148E-12  0.447395742    
   1.49727431E-12  0.404885143    
   1.49869190E-12  0.361443073    
   1.50024752E-12  0.317158937    
   1.50194353E-12  0.272125036    
   1.50378245E-12  0.226434723    
   1.50576611E-12  0.180183157    
   1.50789635E-12  0.133468077    
   1.51017458E-12   8.63878652E-02
   1.51260200E-12   3.90423611E-02
   1.51517937E-12  -8.46729521E-03
   1.51790733E-12  -5.60387708E-02
   1.52078545E-12 -0.103568666    
   1.52381406E-12 -0.150952652    
   1.52699272E-12 -0.198084667    
   1.53032025E-12 -0.244859919    
   1.53379566E-12 -0.291171223    
   1.53741733E-12 -0.336912960    
   1.54118352E-12 -0.381978363    
   1.54509185E-12 -0.426259786    
   1.54914005E-12 -0.469649911    
   1.55332496E-12 -0.512043476    
   1.55764345E-12 -0.553334057    
   1.56209204E-12 -0.593416214    
   1.56666683E-12 -0.632185578    
   1.57136359E-12 -0.669540405    
   1.57617756E-12 -0.705377698    
   1.58110417E-12 -0.739597738    
   1.58613823E-12 -0.772102952    
   1.59127410E-12 -0.802798033    
   1.59650602E-12 -0.831590176    
   1.60182794E-12 -0.858388722    
   1.60723355E-12 -0.883107066    
   1.61271604E-12 -0.905661464    
   1.61826867E-12 -0.925972104    
   1.62388408E-12 -0.943963706    
   1.62955500E-12 -0.959565997    
   1.63527384E-12 -0.972712696    
   1.64103269E-12 -0.983343601    
   1.64682341E-12 -0.991403162    
   1.65263799E-12 -0.996842980    
   1.65846818E-12 -0.999620199    
   1.66430520E-12 -0.999698877    
   1.67014059E-12 -0.997050226    
   1.67596590E-12 -0.991652846    
   1.68177202E-12 -0.983492911    
   1.68755027E-12 -0.972564936    
   1.69329210E-12 -0.958870888    
   1.69898839E-12 -0.942422330    
   1.70463058E-12 -0.923238635    
   1.71020977E-12 -0.901348531    
   1.71571752E-12 -0.876789749    
   1.72114536E-12 -0.849609017    
   1.72648517E-12 -0.819863200    
   1.73172848E-12 -0.787617564    
   1.73686727E-12 -0.752947390    
   1.74189417E-12 -0.715936124    
   1.74680181E-12 -0.676677227    
   1.75158282E-12 -0.635273099    
   1.75623047E-12 -0.591836274    
   1.76073837E-12 -0.546484888    
   1.76510054E-12 -0.499348074    
   1.76931126E-12 -0.450561166    
   1.77336542E-12 -0.400268555    
   1.77725814E-12 -0.348619819    
   1.78098508E-12 -0.295772702    
   1.78454278E-12 -0.241889045    
   1.78792777E-12 -0.187139645    
   1.79113755E-12 -0.131696343    
   1.79416974E-12  -7.57368356E-02
   1.79702271E-12  -1.94422398E-02
   1.79969570E-12   3.70036997E-02
   1.80218828E-12   9.34152827E-02
   1.80450034E-12  0.149605647    
   1.80663275E-12  0.205387503    
   1.80858692E-12  0.260573924    
   1.81036501E-12  0.314979076    
   1.81196919E-12  0.368420869    
   1.81340273E-12  0.420716226    
   1.81466940E-12  0.471688986    
   1.81577344E-12  0.521163762    
   1.81671963E-12  0.568975091    
   1.81751337E-12  0.614957929    
   1.81816031E-12  0.658956766    
   1.81866718E-12  0.700822830    
   1.81904058E-12  0.740413249    
   1.81928778E-12  0.777594566    
   1.81941658E-12  0.812241614    
   1.81943523E-12  0.844239235    
   1.81935196E-12  0.873479307    
   1.81917545E-12  0.899865508    
   1.81891514E-12  0.923310459    
   1.81858044E-12  0.943737268    
   1.81818059E-12  0.961080730    
   1.81772566E-12  0.975284994    
   1.81722573E-12  0.986305952    
   1.81669079E-12  0.994109631    
   1.81613134E-12  0.998673201    
   1.81555747E-12  0.999984682    
   1.81497959E-12  0.998042941    
   1.81440822E-12  0.992857218    
   1.81385343E-12  0.984447658    
   1.81332553E-12  0.972844362    
   1.81283482E-12  0.958087862    
   1.81239117E-12  0.940228164    
   1.81200454E-12  0.919324934    
   1.81168459E-12  0.895447195    
   1.81144065E-12  0.868674040    
   1.81128203E-12  0.839091897    
   1.81121773E-12  0.806795359    
   1.81125601E-12  0.771888316    
   1.81140552E-12  0.734482706    
   1.81167429E-12  0.694695473    
   1.81206937E-12  0.652653277    
   1.81259825E-12  0.608486891    
   1.81326742E-12  0.562336445    
   1.81408339E-12  0.514345050    
   1.81505191E-12  0.464661360    
   1.81617807E-12  0.413441092    
   1.81746697E-12  0.360844851    
   1.81892305E-12  0.307036102    
   1.82054979E-12  0.252182394    
   1.82235065E-12  0.196454987    
   1.82432845E-12  0.140028462    
   1.82648514E-12   8.30803663E-02
   1.82882247E-12   2.57927030E-02
   1.83134129E-12  -3.16542126E-02
   1.83404225E-12  -8.90745521E-02
   1.83692493E-12 -0.146283150    
   1.83998910E-12 -0.203095913    
   1.84323281E-12 -0.259324580    
   1.84665477E-12 -0.314784795    
   1.85025194E-12 -0.369289011    
   1.85402149E-12 -0.422652662    
   1.85795975E-12 -0.474694490    
   1.86206259E-12 -0.525230169    
   1.86632480E-12 -0.574083149    
   1.87074119E-12 -0.621076763    
   1.87530568E-12 -0.666039824    
   1.88001199E-12 -0.708803892    
   1.88485295E-12 -0.749207079    
   1.88982077E-12 -0.787090421    
   1.89490784E-12 -0.822303832    
   1.90010529E-12 -0.854702771    
   1.90540422E-12 -0.884150386    
   1.91079509E-12 -0.910516918    
   1.91626836E-12 -0.933682680    
   1.92181340E-12 -0.953536510    
   1.92742003E-12 -0.969977796    
   1.93307696E-12 -0.982917070    
   1.93877358E-12 -0.992275476    
   1.94449816E-12 -0.997986794    
   1.95023902E-12 -0.999997199    
   1.95598420E-12 -0.998266399    
   1.96172245E-12 -0.992767811    
   1.96744118E-12 -0.983488977    
   1.97312847E-12 -0.970432460    
   1.97877261E-12 -0.953616321    
   1.98436124E-12 -0.933073401    
   1.98988287E-12 -0.908852637    
   1.99532535E-12 -0.881018937    
   2.00067784E-12 -0.849652886    
   2.00592841E-12 -0.814852059    
   2.01106666E-12 -0.776728690    
   2.01608196E-12 -0.735413074    
   2.02096434E-12 -0.691048563    
   2.02570382E-12 -0.643796027    
   2.03029152E-12 -0.593829572    
   2.03471853E-12 -0.541337073    
   2.03897706E-12 -0.486521304    
   2.04305995E-12 -0.429597706    
   2.04696004E-12 -0.370793283    
   2.05067192E-12 -0.310345799    
   2.05418993E-12 -0.248500869    
   2.05751020E-12 -0.185516164    
   2.06062901E-12 -0.121656872    
   2.06354313E-12  -5.71904443E-02
   2.06625147E-12   7.60713220E-03
   2.06875272E-12   7.24564493E-02
   2.07104668E-12  0.137078032    
   2.07313420E-12  0.201191828    
   2.07501702E-12  0.264518589    
   2.07669775E-12  0.326779574    
   2.07817964E-12  0.387699813    
   2.07946724E-12  0.447013110    
   2.08056554E-12  0.504456222    
   2.08148060E-12  0.559775651    
   2.08221938E-12  0.612726927    
   2.08278924E-12  0.663076282    
   2.08319863E-12  0.710602701    
   2.08345667E-12  0.755095243    
   2.08357311E-12  0.796360612    
   2.08355815E-12  0.834217489    
   2.08342263E-12  0.868500233    
   2.08317803E-12  0.899061501    
   2.08283607E-12  0.925769627    
   2.08240933E-12  0.948510468    
   2.08191038E-12  0.967188239    
   2.08135223E-12  0.981725216    
   2.08074790E-12  0.992061973    
   2.08011082E-12  0.998157382    
   2.07945445E-12  0.999989271    
   2.07879265E-12  0.997553706    
   2.07813866E-12  0.990865171    
   2.07750614E-12  0.979956090    
   2.07690896E-12  0.964876652    
   2.07635948E-12  0.945694685    
   2.07587138E-12  0.922494531    
   2.07545743E-12  0.895377278    
   2.07512978E-12  0.864459872    
   2.07490080E-12  0.829875052    
   2.07478175E-12  0.791768074    
   2.07478414E-12  0.750300407    
   2.07491858E-12  0.705646157    
   2.07519505E-12  0.657992065    
   2.07562309E-12  0.607535422    
   2.07621160E-12  0.554486334    
   2.07696902E-12  0.499065459    
   2.07790252E-12  0.441499859    
   2.07901881E-12  0.382028788    
   2.08032419E-12  0.320895970    
   2.08182343E-12  0.258356005    
   2.08352172E-12  0.194666132    
   2.08542190E-12  0.130090907    
   2.08752720E-12   6.48995042E-02
   2.08983937E-12  -6.37125922E-04
   2.09235906E-12  -6.62433356E-02
   2.09508712E-12 -0.131641626    
   2.09802249E-12 -0.196555480    
   2.10116343E-12 -0.260708362    
   2.10450754E-12 -0.323821068    
   2.10805158E-12 -0.385620117    
   2.11179121E-12 -0.445834905    
   2.11572144E-12 -0.504195452    
   2.11983577E-12 -0.560440302    
   2.12412813E-12 -0.614312470    
   2.12859049E-12 -0.665560722    
   2.13321440E-12 -0.713945210    
   2.13799117E-12 -0.759232521    
   2.14291042E-12 -0.801201463    
   2.14796150E-12 -0.839641154    
   2.15313357E-12 -0.874353588    
   2.15841451E-12 -0.905155122    
   2.16379172E-12 -0.931876898    
   2.16925241E-12 -0.954366267    
   2.17478292E-12 -0.972487271    
   2.18036917E-12 -0.986122251    
   2.18599704E-12 -0.995172977    
   2.19165202E-12 -0.999561429    
   2.19731937E-12 -0.999230385    
   2.20298367E-12 -0.994144976    
   2.20862998E-12 -0.984292805    
   2.21424311E-12 -0.969684660    
   2.21980810E-12 -0.950354815    
   2.22530978E-12 -0.926362634    
   2.23073318E-12 -0.897790849    
   2.23606398E-12 -0.864747703    
   2.24128788E-12 -0.827365100    
   2.24639101E-12 -0.785799921    
   2.25136034E-12 -0.740232825    
   2.25618309E-12 -0.690867484    
   2.26084689E-12 -0.637930036    
   2.26534134E-12 -0.581671000    
   2.26965452E-12 -0.522358537    
   2.27377795E-12 -0.460281342    
   2.27770255E-12 -0.395745963    
   2.28142028E-12 -0.329075038    
   2.28492442E-12 -0.260607570    
   2.28820977E-12 -0.190693334    
   2.29127156E-12 -0.119694658    
   2.29410631E-12  -4.79805544E-02
   2.29671187E-12   2.40697656E-02
   2.29908757E-12   9.60767567E-02
   2.30123299E-12  0.167657107    
   2.30314964E-12  0.238429904    
   2.30484078E-12  0.308013290    
   2.30630966E-12  0.376034290    
   2.30756169E-12  0.442125708    
   2.30860296E-12  0.505931675    
   2.30944062E-12  0.567104995    
   2.31008376E-12  0.625317633    
   2.31054108E-12  0.680256903    
   2.31082319E-12  0.731622636    
   2.31094180E-12  0.779142439    
   2.31090928E-12  0.822559893    
   2.31073862E-12  0.861641645    
   2.31044329E-12  0.896182477    
   2.31003845E-12  0.925999761    
   2.30953884E-12  0.950935602    
   2.30895988E-12  0.970861852    
   2.30831782E-12  0.985676289    
   2.30762826E-12  0.995304883    
   2.30690879E-12  0.999701202    
   2.30617522E-12  0.998846829    
   2.30544490E-12  0.992751300    
   2.30473431E-12  0.981451750    
   2.30405972E-12  0.965011179    
   2.30343761E-12  0.943521082    
   2.30288445E-12  0.917097270    
   2.30241520E-12  0.885881901    
   2.30204549E-12  0.850037873    
   2.30179005E-12  0.809757233    
   2.30166298E-12  0.765248179    
   2.30167751E-12  0.716742158    
   2.30184621E-12  0.664490342    
   2.30218167E-12  0.608759820    
   2.30269428E-12  0.549837589    
   2.30339424E-12  0.488026977    
   2.30429044E-12  0.423642784    
   2.30539177E-12  0.357016116    
   2.30670452E-12  0.288486421    
   2.30823520E-12  0.218403220    
   2.30998857E-12  0.147128254    
   2.31196811E-12   7.50229433E-02
   2.31417663E-12   2.46166135E-03
   2.31661500E-12  -7.01810941E-02
   2.31928409E-12 -0.142528608    
   2.32218281E-12 -0.214203522    
   2.32530857E-12 -0.284829557    
   2.32865810E-12 -0.354033172    
   2.33222708E-12 -0.421445161    
   2.33600921E-12 -0.486699194    
   2.33999799E-12 -0.549440444    
   2.34418518E-12 -0.609323740    
   2.34856167E-12 -0.666015208    
   2.35311705E-12 -0.719191372    
   2.35784049E-12 -0.768544316    
   2.36271918E-12 -0.813785672    
   2.36774055E-12 -0.854643047    
   2.37289073E-12 -0.890866756    
   2.37815410E-12 -0.922225118    
   2.38351569E-12 -0.948512852    
   2.38895947E-12 -0.969549835    
   2.39446830E-12 -0.985182762    
   2.40002506E-12 -0.995286167    
   2.40561238E-12 -0.999763787    
   2.41121207E-12 -0.998551190    
   2.41680612E-12 -0.991615176    
   2.42237632E-12 -0.978955746    
   2.42790445E-12 -0.960607708    
   2.43337230E-12 -0.936637878    
   2.43876230E-12 -0.907149196    
   2.44405646E-12 -0.872279644    
   2.44923829E-12 -0.832199454    
   2.45429111E-12 -0.787114263    
   2.45919799E-12 -0.737265408    
   2.46394528E-12 -0.682921588    
   2.46851801E-12 -0.624387264    
   2.47290274E-12 -0.561996758    
   2.47708755E-12 -0.496105611    
   2.48106115E-12 -0.427104354    
   2.48481400E-12 -0.355400205    
   2.48833766E-12 -0.281424433    
   2.49162431E-12 -0.205626294    
   2.49466897E-12 -0.128470004    
   2.49746708E-12  -5.04316874E-02
   2.50001560E-12   2.80039404E-02
   2.50231389E-12  0.106346920    
   2.50436195E-12  0.184105456    
   2.50616194E-12  0.260789394    
   2.50771734E-12  0.335910141    
   2.50903291E-12  0.408995003    
   2.51011538E-12  0.479579598    
   2.51097298E-12  0.547214806    
   2.51161505E-12  0.611470044    
   2.51205220E-12  0.671936393    
   2.51229679E-12  0.728232086    
   2.51236228E-12  0.779999375    
   2.51226297E-12  0.826912522    
   2.51201425E-12  0.868674755    
   2.51163240E-12  0.905025363    
   2.51113540E-12  0.935738206    
   2.51054060E-12  0.960622609    
   2.50986666E-12  0.979528725    
   2.50913309E-12  0.992341697    
   2.50835876E-12  0.998987079    
   2.50756360E-12  0.999429107    
   2.50676715E-12  0.993670821    
   2.50598934E-12  0.981754243    
   2.50524970E-12  0.963758349    
   2.50456773E-12  0.939799964    
   2.50396210E-12  0.910032570    
   2.50345144E-12  0.874643385    
   2.50305375E-12  0.833853304    
   2.50278574E-12  0.787915111    
   2.50266409E-12  0.737112463    
   2.50270464E-12  0.681757748    
   2.50292083E-12  0.622190714    
   2.50332654E-12  0.558773041    
   2.50393434E-12  0.491892248    
   2.50475443E-12  0.421953470    
   2.50579744E-12  0.349380016    
   2.50707051E-12  0.274614960    
   2.50858167E-12  0.198107898    
   2.51033569E-12  0.120327085    
   2.51233669E-12   4.17421684E-02
   2.51458728E-12  -3.71632241E-02
   2.51708788E-12 -0.115909234    
   2.51983894E-12 -0.194007099    
   2.52283762E-12 -0.270976961    
   2.52608026E-12 -0.346339017    
   2.52956163E-12 -0.419620097    
   2.53327524E-12 -0.490352780    
   2.53721284E-12 -0.558088601    
   2.54136490E-12 -0.622386992    
   2.54572015E-12 -0.682827890    
   2.55026642E-12 -0.739011288    
   2.55499029E-12 -0.790559232    
   2.55987614E-12 -0.837116480    
   2.56490922E-12 -0.878355980    
   2.57007154E-12 -0.913981140    
   2.57534597E-12 -0.943729520    
   2.58071320E-12 -0.967370391    
   2.58615416E-12 -0.984711766    
   2.59164847E-12 -0.995600283    
   2.59717551E-12 -0.999922872    
   2.60271470E-12 -0.997608423    
   2.60824478E-12 -0.988629878    
   2.61374451E-12 -0.973005414    
   2.61919262E-12 -0.950798571    
   2.62456853E-12 -0.922118366    
   2.62985141E-12 -0.887119234    
   2.63502111E-12 -0.846004784    
   2.64005853E-12 -0.799020290    
   2.64494481E-12 -0.746459186    
   2.64966196E-12 -0.688655555    
   2.65419371E-12 -0.625984073    
   2.65852466E-12 -0.558857381    
   2.66264029E-12 -0.487730622    
   2.66652824E-12 -0.413085580    
   2.67017766E-12 -0.335436821    
   2.67357837E-12 -0.255324870    
   2.67672321E-12 -0.173312113    
   2.67960589E-12  -8.99786353E-02
   2.68222228E-12  -5.91772096E-03
   2.68457045E-12   7.82649741E-02
   2.68664973E-12  0.161967576    
   2.68846208E-12  0.244581655    
   2.69001076E-12  0.325508475    
   2.69130161E-12  0.404159933    
   2.69234158E-12  0.479960054    
   2.69313998E-12  0.552359819    
   2.69370789E-12  0.620828152    
   2.69405700E-12  0.684868991    
   2.69420250E-12  0.744015753    
   2.69415957E-12  0.797838330    
   2.69394554E-12  0.845948637    
   2.69357865E-12  0.887998641    
   2.69307775E-12  0.923687577    
   2.69246344E-12  0.952761471    
   2.69175654E-12  0.975015104    
   2.69097917E-12  0.990293562    
   2.69015366E-12  0.998493254    
   2.68930191E-12  0.999561548    
   2.68844755E-12  0.993497550    
   2.68761250E-12  0.980351210    
   2.68681952E-12  0.960223019    
   2.68609115E-12  0.933262825    
   2.68544822E-12  0.899667382    
   2.68491284E-12  0.859679103    
   2.68450496E-12  0.813584507    
   2.68424389E-12  0.761714518    
   2.68414783E-12  0.704435527    
   2.68423435E-12  0.642153084    
   2.68451927E-12  0.575304151    
   2.68501627E-12  0.504360020    
   2.68573943E-12  0.429816961    
   2.68669960E-12  0.352196157    
   2.68790675E-12  0.272040218    
   2.68936826E-12  0.189909965    
   2.69109062E-12  0.106380843    
   2.69307840E-12   2.20394172E-02
   2.69533419E-12  -6.25241622E-02
   2.69785821E-12 -0.146708369    
   2.70064960E-12 -0.229919285    
   2.70370488E-12 -0.311562955    
   2.70701907E-12 -0.391053051    
   2.71058545E-12 -0.467817992    
   2.71439490E-12 -0.541294456    
   2.71843702E-12 -0.610941708    
   2.72269945E-12 -0.676244676    
   2.72716832E-12 -0.736708641    
   2.73182844E-12 -0.791871846    
   2.73666268E-12 -0.841304064    
   2.74165239E-12 -0.884614527    
   2.74677872E-12 -0.921450913    
   2.75202062E-12 -0.951504827    
   2.75735641E-12 -0.974514723    
   2.76276398E-12 -0.990268290    
   2.76821990E-12 -0.998604894    
   2.77370054E-12 -0.999417365    
   2.77918183E-12 -0.992654860    
   2.78463992E-12 -0.978324175    
   2.79005074E-12 -0.956490278    
   2.79539022E-12 -0.927277982    
   2.80063537E-12 -0.890870094    
   2.80576278E-12 -0.847507179    
   2.81075033E-12 -0.797490835    
   2.81557742E-12 -0.741177142    
   2.82022344E-12 -0.678976059    
   2.82466997E-12 -0.611351132    
   2.82889987E-12 -0.538811386    
   2.83289755E-12 -0.461916238    
   2.83664932E-12 -0.381258875    
   2.84014305E-12 -0.297470868    
   2.84336899E-12 -0.211213931    
   2.84631932E-12 -0.123174369    
   2.84898862E-12  -3.40610743E-02
   2.85137343E-12   5.54081872E-02
   2.85347245E-12  0.144505590    
   2.85528719E-12  0.232511044    
   2.85682133E-12  0.318703443    
   2.85808053E-12  0.402375013    
   2.85907322E-12  0.482844472    
   2.85980918E-12  0.559449017    
   2.86030162E-12  0.631560802    
   2.86056357E-12  0.698589027    
   2.86061279E-12  0.759985149    
   2.86046599E-12  0.815249979    
   2.86014355E-12  0.863930881    
   2.85966628E-12  0.905636668    
   2.85905652E-12  0.940030158    
   2.85833726E-12  0.966836631    
   2.85753300E-12  0.985844314    
   2.85666868E-12  0.996905744    
   2.85576922E-12  0.999938846    
   2.85486045E-12  0.994926512    
   2.85396793E-12  0.981916845    
   2.85311705E-12  0.961021483    
   2.85233295E-12  0.932415247    
   2.85163993E-12  0.896334648    
   2.85106249E-12  0.853071690    
   2.85062252E-12  0.802977920    
   2.85034236E-12  0.746456623    
