   0.00000000       0.00000000    
   9.99999978E-03  -4.99999987E-05
   1.99999996E-02  -1.24949991E-04
   2.99999993E-02  -2.12225044E-04
   3.99999991E-02  -3.05387948E-04
   4.99999970E-02  -4.01083380E-04
   5.99999987E-02  -4.97491565E-04
   7.00000003E-02  -5.93558769E-04
   7.99999982E-02  -6.88614324E-04
   8.99999961E-02  -7.82180694E-04
   9.99999940E-02  -8.73879006E-04
  0.109999999      -9.63382830E-04
  0.119999997      -1.05039543E-03
  0.129999995      -1.13463879E-03
  0.140000001      -1.21584907E-03
  0.149999991      -1.29377411E-03
  0.159999996      -1.36817317E-03
  0.170000002      -1.43881689E-03
  0.179999992      -1.50548771E-03
  0.189999998      -1.56798051E-03
  0.199999988      -1.62610330E-03
  0.209999993      -1.67967775E-03
  0.219999999      -1.72853982E-03
  0.229999989      -1.77254039E-03
  0.239999995      -1.81154592E-03
  0.250000000      -1.84543862E-03
  0.259999990      -1.87411718E-03
  0.269999981      -1.89749710E-03
  0.280000001      -1.91551098E-03
  0.289999992      -1.92810863E-03
  0.299999982      -1.93525769E-03
  0.310000002      -1.93694350E-03
  0.319999993      -1.93316932E-03
  0.329999983      -1.92395621E-03
  0.340000004      -1.90934318E-03
  0.349999994      -1.88938715E-03
  0.359999985      -1.86416274E-03
  0.370000005      -1.83376193E-03
  0.379999995      -1.79829402E-03
  0.389999986      -1.75788510E-03
  0.399999976      -1.71267800E-03
  0.409999996      -1.66283164E-03
  0.419999987      -1.60852040E-03
  0.429999977      -1.54993380E-03
  0.439999998      -1.48727593E-03
  0.449999988      -1.42076472E-03
  0.459999979      -1.35063112E-03
  0.469999999      -1.27711846E-03
  0.479999989      -1.20048178E-03
  0.489999980      -1.12098688E-03
  0.500000000      -1.03890942E-03
  0.509999990      -9.54534102E-04
  0.519999981      -8.68153584E-04
  0.529999971      -7.80067756E-04
  0.539999962      -6.90582499E-04
  0.550000012      -6.00008760E-04
  0.560000002      -5.08661557E-04
  0.569999993      -4.16858762E-04
  0.579999983      -3.24920227E-04
  0.589999974      -2.33166575E-04
  0.599999964      -1.41918106E-04
  0.610000014      -5.14937346E-05
  0.620000005       3.77901015E-05
  0.629999995       1.25620543E-04
  0.639999986       2.11689388E-04
  0.649999976       2.95694190E-04
  0.659999967       3.77339224E-04
  0.669999957       4.56336653E-04
  0.680000007       5.32407430E-04
  0.689999998       6.05282257E-04
  0.699999988       6.74702693E-04
  0.709999979       7.40421994E-04
  0.719999969       8.02205934E-04
  0.729999959       8.59833730E-04
  0.740000010       9.13098746E-04
  0.750000000       9.61809419E-04
  0.759999990       1.00578985E-03
  0.769999981       1.04488048E-03
  0.779999971       1.07893860E-03
  0.789999962       1.10783917E-03
  0.799999952       1.13147486E-03
  0.810000002       1.14975707E-03
  0.819999993       1.16261584E-03
  0.829999983       1.17000018E-03
  0.839999974       1.17187854E-03
  0.849999964       1.16823893E-03
  0.859999955       1.15908892E-03
  0.870000005       1.14445575E-03
  0.879999995       1.12438621E-03
  0.889999986       1.09894667E-03
  0.899999976       1.06822303E-03
  0.909999967       1.03232020E-03
  0.919999957       9.91362031E-04
  0.930000007       9.45490785E-04
  0.939999998       8.94866942E-04
  0.949999988       8.39668559E-04
  0.959999979       7.80090690E-04
  0.969999969       7.16344919E-04
  0.979999959       6.48658490E-04
  0.989999950       5.77273837E-04
   1.00000000       5.02447598E-04
   1.00999999       4.24449914E-04
   1.01999998       3.43563413E-04
   1.02999997       2.60082394E-04
   1.03999996       1.74311834E-04
   1.04999995       8.65663460E-05
   1.05999994      -2.83084955E-06
   1.06999993      -9.35490170E-05
   1.07999992      -1.85251003E-04
   1.09000003      -2.77594401E-04
   1.10000002      -3.70232709E-04
   1.11000001      -4.62816475E-04
   1.12000000      -5.54994564E-04
   1.13000000      -6.46415341E-04
   1.13999999      -7.36727787E-04
   1.14999998      -8.25582945E-04
   1.15999997      -9.12634889E-04
   1.16999996      -9.97542054E-04
   1.17999995      -1.07996841E-03
   1.18999994      -1.15958485E-03
   1.19999993      -1.23606995E-03
   1.20999992      -1.30911148E-03
   1.22000003      -1.37840724E-03
   1.23000002      -1.44366652E-03
   1.24000001      -1.50461087E-03
   1.25000000      -1.56097510E-03
   1.25999999      -1.61250844E-03
   1.26999998      -1.65897538E-03
   1.27999997      -1.70015648E-03
   1.28999996      -1.73584942E-03
   1.29999995      -1.76586956E-03
   1.30999994      -1.79005077E-03
   1.31999993      -1.80824613E-03
   1.32999992      -1.82032853E-03
   1.33999991      -1.82619097E-03
   1.35000002      -1.82574731E-03
   1.36000001      -1.81893271E-03
   1.37000000      -1.80570362E-03
   1.38000000      -1.78603828E-03
   1.38999999      -1.75993703E-03
   1.39999998      -1.72742212E-03
   1.40999997      -1.68853789E-03
   1.41999996      -1.64335093E-03
   1.42999995      -1.59194949E-03
   1.43999994      -1.53444381E-03
   1.44999993      -1.47096545E-03
   1.45999992      -1.40166725E-03
   1.46999991      -1.32672279E-03
   1.48000002      -1.24632590E-03
   1.49000001      -1.16068998E-03
   1.50000000      -1.07004773E-03
   1.50999999      -9.74650146E-04
   1.51999998      -8.74765858E-04
   1.52999997      -7.70680315E-04
   1.53999996      -6.62694918E-04
   1.54999995      -5.51126082E-04
   1.55999994      -4.36304195E-04
   1.56999993      -3.18572624E-04
   1.57999992      -1.98286609E-04
   1.58999991      -7.58121023E-05
   1.59999990       4.84754128E-05
   1.61000001       1.74192115E-04
   1.62000000       3.00947111E-04
   1.63000000       4.28343745E-04
   1.63999999       5.55980834E-04
   1.64999998       6.83454098E-04
   1.65999997       8.10357451E-04
   1.66999996       9.36284370E-04
   1.67999995       1.06082915E-03
   1.68999994       1.18358852E-03
   1.69999993       1.30416278E-03
   1.70999992       1.42215728E-03
   1.71999991       1.53718365E-03
   1.73000002       1.64886133E-03
   1.74000001       1.75681885E-03
   1.75000000       1.86069473E-03
   1.75999999       1.96013926E-03
   1.76999998       2.05481565E-03
   1.77999997       2.14440073E-03
   1.78999996       2.22858670E-03
   1.79999995       2.30708206E-03
   1.80999994       2.37961207E-03
   1.81999993       2.44592084E-03
   1.82999992       2.50577135E-03
   1.83999991       2.55894661E-03
   1.84999990       2.60525080E-03
   1.86000001       2.64450931E-03
   1.87000000       2.67657032E-03
   1.88000000       2.70130439E-03
   1.88999999       2.71860580E-03
   1.89999998       2.72839260E-03
   1.90999997       2.73060729E-03
   1.91999996       2.72521679E-03
   1.92999995       2.71221250E-03
   1.93999994       2.69161095E-03
   1.94999993       2.66345381E-03
   1.95999992       2.62780720E-03
   1.96999991       2.58476217E-03
   1.97999990       2.53443420E-03
   1.99000001       2.47696321E-03
   2.00000000       2.41251290E-03
   2.00999999       2.34127045E-03
   2.01999998       2.26344587E-03
   2.02999997       2.17927154E-03
   2.03999996       2.08900124E-03
   2.04999995       1.99290970E-03
   2.05999994       1.89129135E-03
   2.06999993       1.78445992E-03
   2.07999992       1.67274708E-03
   2.08999991       1.55650161E-03
   2.09999990       1.43608800E-03
   2.10999990       1.31188566E-03
   2.11999989       1.18428748E-03
   2.12999988       1.05369848E-03
   2.13999987       9.20534600E-04
   2.14999986       7.85221462E-04
   2.15999985       6.48192829E-04
   2.16999984       5.09889040E-04
   2.18000007       3.70755850E-04
   2.19000006       2.31242739E-04
   2.20000005       9.18014703E-05
   2.21000004      -4.71154199E-05
   2.22000003      -1.85056168E-04
   2.23000002      -3.21571308E-04
   2.24000001      -4.56215144E-04
   2.25000000      -5.88547322E-04
   2.25999999      -7.18134339E-04
   2.26999998      -8.44551018E-04
   2.27999997      -9.67381988E-04
   2.28999996      -1.08622294E-03
   2.29999995      -1.20068248E-03
   2.30999994      -1.31038297E-03
   2.31999993      -1.41496211E-03
   2.32999992      -1.51407428E-03
   2.33999991      -1.60739163E-03
   2.34999990      -1.69460534E-03
   2.35999990      -1.77542656E-03
   2.36999989      -1.84958777E-03
   2.37999988      -1.91684347E-03
   2.38999987      -1.97697105E-03
   2.39999986      -2.02977192E-03
   2.40999985      -2.07507191E-03
   2.41999984      -2.11272249E-03
   2.42999983      -2.14260048E-03
   2.44000006      -2.16460950E-03
   2.45000005      -2.17867969E-03
   2.46000004      -2.18476821E-03
   2.47000003      -2.18285993E-03
   2.48000002      -2.17296672E-03
   2.49000001      -2.15512840E-03
   2.50000000      -2.12941179E-03
   2.50999999      -2.09591165E-03
   2.51999998      -2.05474929E-03
   2.52999997      -2.00607302E-03
   2.53999996      -1.95005769E-03
   2.54999995      -1.88690366E-03
   2.55999994      -1.81683677E-03
   2.56999993      -1.74010731E-03
   2.57999992      -1.65698945E-03
   2.58999991      -1.56778027E-03
   2.59999990      -1.47279876E-03
   2.60999990      -1.37238507E-03
   2.61999989      -1.26689905E-03
   2.62999988      -1.15671940E-03
   2.63999987      -1.04224216E-03
   2.64999986      -9.23879677E-04
   2.65999985      -8.02059076E-04
   2.66999984      -6.77220873E-04
   2.67999983      -5.49817574E-04
   2.69000006      -4.20312048E-04
   2.70000005      -2.89176067E-04
   2.71000004      -1.56888695E-04
   2.72000003      -2.39346118E-05
   2.73000002       1.09197499E-04
   2.74000001       2.42016598E-04
   2.75000000       3.74031020E-04
   2.75999999       5.04750060E-04
   2.76999998       6.33685908E-04
   2.77999997       7.60355033E-04
   2.78999996       8.84280191E-04
   2.79999995       1.00499170E-03
   2.80999994       1.12202950E-03
   2.81999993       1.23494456E-03
   2.82999992       1.34330057E-03
   2.83999991       1.44667528E-03
   2.84999990       1.54466229E-03
   2.85999990       1.63687230E-03
   2.86999989       1.72293466E-03
   2.87999988       1.80249882E-03
   2.88999987       1.87523535E-03
   2.89999986       1.94083725E-03
   2.90999985       1.99902127E-03
   2.91999984       2.04952899E-03
   2.92999983       2.09212746E-03
   2.93999982       2.12661037E-03
   2.95000005       2.15279893E-03
   2.96000004       2.17054249E-03
   2.97000003       2.17971951E-03
   2.98000002       2.18023732E-03
   2.99000001       2.17203354E-03
   3.00000000       2.15507555E-03
   3.00999999       2.12936150E-03
   3.01999998       2.09491979E-03
   3.02999997       2.05180980E-03
   3.03999996       2.00012117E-03
   3.04999995       1.93997379E-03
   3.05999994       1.87151798E-03
   3.06999993       1.79493357E-03
   3.07999992       1.71042979E-03
   3.08999991       1.61824434E-03
   3.09999990       1.51864311E-03
   3.10999990       1.41191902E-03
   3.11999989       1.29839138E-03
   3.12999988       1.17840501E-03
   3.13999987       1.05232885E-03
   3.14999986       9.20554972E-04
   3.15999985       7.83497468E-04
   3.16999984       6.41591032E-04
   3.17999983       4.95289627E-04
   3.18999982       3.45064880E-04
   3.19999981       1.91404732E-04
   3.21000004       3.48117319E-05
   3.22000003      -1.24198559E-04
   3.23000002      -2.85099261E-04
   3.24000001      -4.47353930E-04
   3.25000000      -6.10418385E-04
   3.25999999      -7.73742446E-04
   3.26999998      -9.36771859E-04
   3.27999997      -1.09895016E-03
   3.28999996      -1.25972042E-03
   3.29999995      -1.41852733E-03
   3.30999994      -1.57481898E-03
   3.31999993      -1.72804890E-03
   3.32999992      -1.87767774E-03
   3.33999991      -2.02317536E-03
   3.34999990      -2.16402230E-03
   3.35999990      -2.29971204E-03
   3.36999989      -2.42975261E-03
   3.37999988      -2.55366811E-03
   3.38999987      -2.67100078E-03
   3.39999986      -2.78131245E-03
   3.40999985      -2.88418634E-03
   3.41999984      -2.97922781E-03
   3.42999983      -3.06606665E-03
   3.43999982      -3.14435828E-03
   3.44999981      -3.21378466E-03
   3.46000004      -3.27405590E-03
   3.47000003      -3.32491100E-03
   3.48000002      -3.36611900E-03
   3.49000001      -3.39748035E-03
   3.50000000      -3.41882696E-03
   3.50999999      -3.43002356E-03
   3.51999998      -3.43096792E-03
   3.52999997      -3.42159113E-03
   3.53999996      -3.40185896E-03
   3.54999995      -3.37177096E-03
   3.55999994      -3.33136111E-03
   3.56999993      -3.28069832E-03
   3.57999992      -3.21988552E-03
   3.58999991      -3.14906007E-03
   3.59999990      -3.06839310E-03
   3.60999990      -2.97808927E-03
   3.61999989      -2.87838629E-03
   3.62999988      -2.76955403E-03
   3.63999987      -2.65189400E-03
   3.64999986      -2.52573821E-03
   3.65999985      -2.39144848E-03
   3.66999984      -2.24941503E-03
   3.67999983      -2.10005580E-03
   3.68999982      -1.94381445E-03
   3.69999981      -1.78115966E-03
   3.70999980      -1.61258318E-03
   3.72000003      -1.43859838E-03
   3.73000002      -1.25973893E-03
   3.74000001      -1.07655674E-03
   3.75000000      -8.89620220E-04
   3.75999999      -6.99512544E-04
   3.76999998      -5.06829703E-04
   3.77999997      -3.12178512E-04
   3.78999996      -1.16174720E-04
   3.79999995       8.05591553E-05
   3.80999994       2.77395826E-04
   3.81999993       4.73705295E-04
   3.82999992       6.68857072E-04
   3.83999991       8.62222223E-04
   3.84999990       1.05317542E-03
   3.85999990       1.24109734E-03
   3.86999989       1.42537639E-03
   3.87999988       1.60541106E-03
   3.88999987       1.78061193E-03
   3.89999986       1.95040356E-03
   3.90999985       2.11422681E-03
   3.91999984       2.27154046E-03
   3.92999983       2.42182333E-03
   3.93999982       2.56457576E-03
   3.94999981       2.69932183E-03
   3.95999980       2.82561081E-03
   3.97000003       2.94301868E-03
   3.98000002       3.05114989E-03
   3.99000001       3.14963888E-03
   4.00000000       3.23815062E-03
   4.00999975       3.31638288E-03
   4.01999998       3.38406698E-03
   4.02999973       3.44096846E-03
   4.03999996       3.48688872E-03
   4.04999971       3.52166500E-03
   4.05999994       3.54517158E-03
   4.06999969       3.55732022E-03
   4.07999992       3.55806062E-03
   4.08999968       3.54738068E-03
   4.09999990       3.52530647E-03
   4.11000013       3.49190272E-03
   4.11999989       3.44727258E-03
   4.13000011       3.39155714E-03
   4.13999987       3.32493521E-03
   4.15000010       3.24762287E-03
   4.15999985       3.15987319E-03
   4.17000008       3.06197512E-03
   4.17999983       2.95425253E-03
   4.19000006       2.83706351E-03
   4.19999981       2.71079945E-03
   4.21000004       2.57588341E-03
   4.21999979       2.43276893E-03
   4.23000002       2.28193868E-03
   4.23999977       2.12390302E-03
   4.25000000       1.95919792E-03
   4.25999975       1.78838370E-03
   4.26999998       1.61204312E-03
   4.27999973       1.43077923E-03
   4.28999996       1.24521367E-03
   4.29999971       1.05598453E-03
   4.30999994       8.63743946E-04
   4.31999969       6.69156376E-04
   4.32999992       4.72896150E-04
   4.33999968       2.75645230E-04
   4.34999990       7.80908304E-05
   4.36000013      -1.19076765E-04
   4.36999989      -3.15166690E-04
   4.38000011      -5.09489793E-04
   4.38999987      -7.01360928E-04
   4.40000010      -8.90101481E-04
   4.40999985      -1.07504160E-03
   4.42000008      -1.25552248E-03
   4.42999983      -1.43089890E-03
   4.44000006      -1.60054106E-03
   4.44999981      -1.76383730E-03
   4.46000004      -1.92019576E-03
   4.46999979      -2.06904695E-03
   4.48000002      -2.20984546E-03
   4.48999977      -2.34207185E-03
   4.50000000      -2.46523484E-03
   4.50999975      -2.57887295E-03
   4.51999998      -2.68255617E-03
   4.52999973      -2.77588749E-03
   4.53999996      -2.85850465E-03
   4.54999971      -2.93008122E-03
   4.55999994      -2.99032778E-03
   4.56999969      -3.03899334E-03
   4.57999992      -3.07586626E-03
   4.58999968      -3.10077518E-03
   4.59999990      -3.11358972E-03
   4.61000013      -3.11422069E-03
   4.61999989      -3.10262106E-03
   4.63000011      -3.07878642E-03
   4.63999987      -3.04275472E-03
   4.65000010      -2.99460650E-03
   4.65999985      -2.93446449E-03
   4.67000008      -2.86249421E-03
   4.67999983      -2.77890242E-03
   4.69000006      -2.68393732E-03
   4.69999981      -2.57788808E-03
   4.71000004      -2.46108323E-03
   4.71999979      -2.33389018E-03
   4.73000002      -2.19671428E-03
   4.73999977      -2.04999722E-03
   4.75000000      -1.89421582E-03
   4.75999975      -1.72988058E-03
   4.76999998      -1.55753421E-03
   4.77999973      -1.37774949E-03
   4.78999996      -1.19112793E-03
   4.79999971      -9.98297473E-04
   4.80999994      -7.99910515E-04
   4.81999969      -5.96641912E-04
   4.82999992      -3.89186724E-04
   4.83999968      -1.78257789E-04
   4.84999990       3.54164804E-05
   4.85999966       2.51094636E-04
   4.86999989       4.68024606E-04
   4.88000011       6.85446314E-04
   4.88999987       9.02594184E-04
   4.90000010       1.11869979E-03
   4.90999985       1.33299443E-03
   4.92000008       1.54471176E-03
   4.92999983       1.75309042E-03
   4.94000006       1.95737695E-03
   4.94999981       2.15682783E-03
   4.96000004       2.35071243E-03
   4.96999979       2.53831572E-03
   4.98000002       2.71894061E-03
   4.98999977       2.89191026E-03
   5.00000000       3.05657089E-03
   5.00999975       3.21229338E-03
   5.01999998       3.35847633E-03
   5.02999973       3.49454815E-03
   5.03999996       3.61996843E-03
   5.04999971       3.73423053E-03
   5.05999994       3.83686367E-03
   5.06999969       3.92743386E-03
   5.07999992       4.00554668E-03
   5.08999968       4.07084730E-03
   5.09999990       4.12302325E-03
   5.10999966       4.16180538E-03
   5.11999989       4.18696832E-03
   5.13000011       4.19833232E-03
   5.13999987       4.19576280E-03
   5.15000010       4.17917268E-03
   5.15999985       4.14852146E-03
   5.17000008       4.10381658E-03
   5.17999983       4.04511252E-03
   5.19000006       3.97251220E-03
   5.19999981       3.88616603E-03
   5.21000004       3.78627144E-03
   5.21999979       3.67307267E-03
   5.23000002       3.54686053E-03
   5.23999977       3.40797100E-03
   5.25000000       3.25678475E-03
   5.25999975       3.09372577E-03
   5.26999998       2.91926041E-03
   5.27999973       2.73389602E-03
   5.28999996       2.53817881E-03
   5.29999971       2.33269297E-03
   5.30999994       2.11805827E-03
   5.31999969       1.89492851E-03
   5.32999992       1.66398939E-03
   5.33999968       1.42595614E-03
   5.34999990       1.18157151E-03
   5.35999966       9.31602961E-04
   5.36999989       6.76840660E-04
   5.38000011       4.18094598E-04
   5.38999987       1.56192051E-04
   5.40000010      -1.08025153E-04
   5.40999985      -3.73703486E-04
   5.42000008      -6.39980426E-04
   5.42999983      -9.05987574E-04
   5.44000006      -1.17085327E-03
   5.44999981      -1.43370568E-03
   5.46000004      -1.69367588E-03
   5.46999979      -1.94990053E-03
   5.48000002      -2.20152503E-03
   5.48999977      -2.44770641E-03
   5.50000000      -2.68761604E-03
   5.50999975      -2.92044296E-03
   5.51999998      -3.14539601E-03
   5.52999973      -3.36170732E-03
   5.53999996      -3.56863439E-03
   5.54999971      -3.76546313E-03
   5.55999994      -3.95150995E-03
   5.56999969      -4.12612502E-03
   5.57999992      -4.28869296E-03
   5.58999968      -4.43863729E-03
   5.59999990      -4.57542064E-03
   5.60999966      -4.69854800E-03
   5.61999989      -4.80756722E-03
   5.62999964      -4.90207225E-03
   5.63999987      -4.98170312E-03
   5.65000010      -5.04614925E-03
   5.65999985      -5.09514846E-03
   5.67000008      -5.12848981E-03
   5.67999983      -5.14601357E-03
   5.69000006      -5.14761219E-03
   5.69999981      -5.13323117E-03
   5.71000004      -5.10286912E-03
   5.71999979      -5.05657820E-03
   5.73000002      -4.99446364E-03
   5.73999977      -4.91668424E-03
   5.75000000      -4.82345186E-03
   5.75999975      -4.71503055E-03
   5.76999998      -4.59173601E-03
   5.77999973      -4.45393519E-03
   5.78999996      -4.30204440E-03
   5.79999971      -4.13652929E-03
   5.80999994      -3.95790255E-03
   5.81999969      -3.76672274E-03
   5.82999992      -3.56359198E-03
   5.83999968      -3.34915495E-03
   5.84999990      -3.12409620E-03
   5.85999966      -2.88913841E-03
   5.86999989      -2.64504016E-03
   5.87999964      -2.39259284E-03
   5.88999987      -2.13261880E-03
   5.90000010      -1.86596857E-03
   5.90999985      -1.59351772E-03
   5.92000008      -1.31616415E-03
   5.92999983      -1.03482534E-03
   5.94000006      -7.50435051E-04
   5.94999981      -4.63940378E-04
   5.96000004      -1.76298432E-04
   5.96999979       1.11526722E-04
   5.98000002       3.98567441E-04
   5.98999977       6.83855731E-04
   6.00000000       9.66426451E-04
   6.00999975       1.24532077E-03
   6.01999998       1.51958945E-03
   6.02999973       1.78829592E-03
   6.03999996       2.05051969E-03
   6.04999971       2.30535958E-03
   6.05999994       2.55193631E-03
   6.06999969       2.78939656E-03
   6.07999992       3.01691517E-03
   6.08999968       3.23369843E-03
   6.09999990       3.43898661E-03
   6.10999966       3.63205699E-03
   6.11999989       3.81222600E-03
   6.12999964       3.97885218E-03
   6.13999987       4.13133856E-03
   6.15000010       4.26913425E-03
   6.15999985       4.39173635E-03
   6.17000008       4.49869363E-03
   6.17999983       4.58960561E-03
   6.19000006       4.66412585E-03
   6.19999981       4.72196285E-03
   6.21000004       4.76288144E-03
   6.21999979       4.78670374E-03
   6.23000002       4.79330961E-03
   6.23999977       4.78263758E-03
   6.25000000       4.75468533E-03
   6.25999975       4.70950920E-03
   6.26999998       4.64722561E-03
   6.27999973       4.56800964E-03
   6.28999996       4.47209552E-03
   6.29999971       4.35977522E-03
   6.30999994       4.23139846E-03
   6.31999969       4.08737129E-03
   6.32999992       3.92815517E-03
   6.33999968       3.75426537E-03
   6.34999990       3.56626953E-03
   6.35999966       3.36478581E-03
   6.36999989       3.15048150E-03
   6.37999964       2.92407023E-03
   6.38999987       2.68631033E-03
   6.39999962       2.43800180E-03
   6.40999985       2.17998447E-03
   6.42000008       1.91313471E-03
   6.42999983       1.63836277E-03
   6.44000006       1.35660975E-03
   6.44999981       1.06884469E-03
   6.46000004       7.76061090E-04
   6.46999979       4.79273847E-04
   6.48000002       1.79515715E-04
   6.48999977      -1.22166151E-04
   6.50000000      -4.24713682E-04
   6.50999975      -7.27061532E-04
   6.51999998      -1.02814066E-03
   6.52999973      -1.32688205E-03
   6.53999996      -1.62222027E-03
   6.54999971      -1.91309722E-03
   6.55999994      -2.19846587E-03
   6.56999969      -2.47729383E-03
   6.57999992      -2.74856668E-03
   6.58999968      -3.01129208E-03
   6.59999990      -3.26450286E-03
   6.60999966      -3.50726047E-03
   6.61999989      -3.73865850E-03
   6.62999964      -3.95782571E-03
   6.63999987      -4.16392926E-03
   6.64999962      -4.35617752E-03
   6.65999985      -4.53382358E-03
   6.67000008      -4.69616707E-03
   6.67999983      -4.84255748E-03
   6.69000006      -4.97239595E-03
   6.69999981      -5.08513860E-03
   6.71000004      -5.18029695E-03
   6.71999979      -5.25744166E-03
   6.73000002      -5.31620253E-03
   6.73999977      -5.35627129E-03
   6.75000000      -5.37740253E-03
   6.75999975      -5.37941419E-03
   6.76999998      -5.36218937E-03
   6.77999973      -5.32567641E-03
   6.78999996      -5.26988972E-03
   6.79999971      -5.19490940E-03
   6.80999994      -5.10088261E-03
   6.81999969      -4.98802122E-03
   6.82999992      -4.85660369E-03
   6.83999968      -4.70697274E-03
   6.84999990      -4.53953492E-03
   6.85999966      -4.35476052E-03
   6.86999989      -4.15318040E-03
   6.87999964      -3.93538550E-03
   6.88999987      -3.70202586E-03
   6.89999962      -3.45380744E-03
   6.90999985      -3.19149019E-03
   6.92000008      -2.91588623E-03
   6.92999983      -2.62785703E-03
   6.94000006      -2.32831039E-03
   6.94999981      -2.01819837E-03
   6.96000004      -1.69851328E-03
   6.96999979      -1.37028540E-03
   6.98000002      -1.03457877E-03
   6.98999977      -6.92488509E-04
   7.00000000      -3.45136679E-04
   7.00999975       6.33118907E-06
   7.01999998       3.60749924E-04
   7.02999973       7.16938637E-04
   7.03999996       1.07370457E-03
   7.04999971       1.42984733E-03
   7.05999994       1.78416271E-03
   7.06999969       2.13544699E-03
   7.07999992       2.48250086E-03
   7.08999968       2.82413349E-03
   7.09999990       3.15916701E-03
   7.10999966       3.48644028E-03
   7.11999989       3.80481267E-03
   7.12999964       4.11316846E-03
   7.13999987       4.41042054E-03
   7.14999962       4.69551422E-03
   7.15999985       4.96743154E-03
   7.17000008       5.22519322E-03
   7.17999983       5.46786422E-03
   7.19000006       5.69455605E-03
   7.19999981       5.90442959E-03
   7.21000004       6.09669928E-03
   7.21999979       6.27063448E-03
   7.23000002       6.42556325E-03
   7.23999977       6.56087510E-03
   7.25000000       6.67602243E-03
   7.25999975       6.77052280E-03
   7.26999998       6.84396178E-03
   7.27999973       6.89599337E-03
   7.28999996       6.92634191E-03
   7.29999971       6.93480344E-03
   7.30999994       6.92124665E-03
   7.31999969       6.88561331E-03
   7.32999992       6.82791974E-03
   7.33999968       6.74825581E-03
   7.34999990       6.64678589E-03
   7.35999966       6.52374746E-03
   7.36999989       6.37945207E-03
   7.37999964       6.21428387E-03
   7.38999987       6.02869829E-03
   7.39999962       5.82322152E-03
   7.40999985       5.59844868E-03
   7.41999960       5.35504194E-03
   7.42999983       5.09372912E-03
   7.44000006       4.81530046E-03
   7.44999981       4.52060765E-03
   7.46000004       4.21056012E-03
   7.46999979       3.88612296E-03
   7.48000002       3.54831317E-03
   7.48999977       3.19819688E-03
   7.50000000       2.83688586E-03
   7.50999975       2.46553402E-03
   7.51999998       2.08533346E-03
   7.52999973       1.69751083E-03
   7.53999996       1.30332331E-03
   7.54999971       9.04054206E-04
   7.55999994       5.01008937E-04
   7.56999969       9.55105643E-05
   7.57999992      -3.11104493E-04
   7.58999968      -7.17491144E-04
   7.59999990      -1.12229993E-03
   7.60999966      -1.52418192E-03
   7.61999989      -1.92179298E-03
   7.62999964      -2.31379829E-03
   7.63999987      -2.69887759E-03
   7.64999962      -3.07572912E-03
   7.65999985      -3.44307395E-03
   7.66999960      -3.79966083E-03
   7.67999983      -4.14427090E-03
   7.69000006      -4.47572069E-03
   7.69999981      -4.79286769E-03
   7.71000004      -5.09461341E-03
   7.71999979      -5.37990779E-03
   7.73000002      -5.64775290E-03
   7.73999977      -5.89720579E-03
   7.75000000      -6.12738309E-03
   7.75999975      -6.33746292E-03
   7.76999998      -6.52668905E-03
   7.77999973      -6.69437321E-03
   7.78999996      -6.83989702E-03
   7.79999971      -6.96271565E-03
   7.80999994      -7.06235925E-03
   7.81999969      -7.13843387E-03
   7.82999992      -7.19062472E-03
   7.83999968      -7.21869664E-03
   7.84999990      -7.22249551E-03
   7.85999966      -7.20194820E-03
   7.86999989      -7.15706451E-03
   7.87999964      -7.08793616E-03
   7.88999987      -6.99473824E-03
   7.89999962      -6.87772734E-03
   7.90999985      -6.73724199E-03
   7.91999960      -6.57370128E-03
   7.92999983      -6.38760440E-03
   7.94000006      -6.17952924E-03
   7.94999981      -5.95012959E-03
   7.96000004      -5.70013467E-03
   7.96999979      -5.43034635E-03
   7.98000002      -5.14163682E-03
   7.98999977      -4.83494531E-03
   8.00000000      -4.51127673E-03
   8.01000023      -4.17169649E-03
   8.01999950      -3.81732848E-03
   8.02999973      -3.44935129E-03
   8.03999996      -3.06899427E-03
   8.05000019      -2.67753331E-03
   8.05999947      -2.27628718E-03
   8.06999969      -1.86661270E-03
   8.07999992      -1.44990068E-03
   8.09000015      -1.02757080E-03
   8.09999943      -6.01067324E-04
   8.10999966      -1.71854132E-04
   8.11999989       2.58590386E-04
   8.13000011       6.88778178E-04
   8.13999939       1.11721666E-03
   8.14999962       1.54241384E-03
   8.15999985       1.96288340E-03
   8.17000008       2.37714988E-03
   8.17999935       2.78375368E-03
   8.18999958       3.18125612E-03
   8.19999981       3.56824463E-03
   8.21000004       3.94333759E-03
   8.22000027       4.30518901E-03
   8.22999954       4.65249363E-03
   8.23999977       4.98399092E-03
   8.25000000       5.29847061E-03
   8.26000023       5.59477601E-03
   8.26999950       5.87180816E-03
   8.27999973       6.12853095E-03
   8.28999996       6.36397349E-03
   8.30000019       6.57723472E-03
   8.30999947       6.76748529E-03
   8.31999969       6.93397317E-03
   8.32999992       7.07602361E-03
   8.34000015       7.19304336E-03
   8.34999943       7.28452299E-03
   8.35999966       7.35003874E-03
   8.36999989       7.38925347E-03
   8.38000011       7.40191946E-03
   8.38999939       7.38787930E-03
   8.39999962       7.34706549E-03
   8.40999985       7.27950269E-03
   8.42000008       7.18530733E-03
   8.42999935       7.06468755E-03
   8.43999958       6.91794278E-03
   8.44999981       6.74546370E-03
   8.46000004       6.54773042E-03
   8.47000027       6.32531196E-03
   8.47999954       6.07886398E-03
   8.48999977       5.80912828E-03
   8.50000000       5.51692862E-03
   8.51000023       5.20317070E-03
   8.51999950       4.86883754E-03
   8.52999973       4.51498711E-03
   8.53999996       4.14274959E-03
   8.55000019       3.75332264E-03
   8.55999947       3.34796915E-03
   8.56999969       2.92801182E-03
   8.57999992       2.49482994E-03
   8.59000015       2.04985426E-03
   8.59999943       1.59456278E-03
   8.60999966       1.13047566E-03
   8.61999989       6.59150188E-04
   8.63000011       1.82175805E-04
   8.63999939      -2.98831408E-04
   8.64999962      -7.82234012E-04
   8.65999985      -1.26637891E-03
   8.67000008      -1.74960273E-03
   8.67999935      -2.23023770E-03
   8.68999958      -2.70661712E-03
   8.69999981      -3.17708147E-03
   8.71000004      -3.63998371E-03
   8.72000027      -4.09369543E-03
   8.72999954      -4.53661149E-03
   8.73999977      -4.96715726E-03
   8.75000000      -5.38379326E-03
   8.76000023      -5.78502007E-03
   8.76999950      -6.16938388E-03
   8.77999973      -6.53548259E-03
   8.78999996      -6.88196952E-03
   8.80000019      -7.20755942E-03
   8.80999947      -7.51103181E-03
   8.81999969      -7.79123604E-03
   8.82999992      -8.04709550E-03
   8.84000015      -8.27761181E-03
   8.84999943      -8.48186854E-03
   8.85999966      -8.65903310E-03
   8.86999989      -8.80836230E-03
   8.88000011      -8.92920233E-03
   8.88999939      -9.02099535E-03
   8.89999962      -9.08327755E-03
   8.90999985      -9.11568291E-03
   8.92000008      -9.11794603E-03
   8.92999935      -9.08990111E-03
   8.93999958      -9.03148483E-03
   8.94999981      -8.94273631E-03
   8.96000004      -8.82379711E-03
   8.97000027      -8.67491029E-03
   8.97999954      -8.49642232E-03
   8.98999977      -8.28878209E-03
   9.00000000      -8.05253722E-03
   9.01000023      -7.78833451E-03
   9.01999950      -7.49691902E-03
   9.02999973      -7.17913080E-03
   9.03999996      -6.83590304E-03
   9.05000019      -6.46825833E-03
   9.05999947      -6.07730728E-03
   9.06999969      -5.66424336E-03
   9.07999992      -5.23034111E-03
   9.09000015      -4.77695093E-03
   9.09999943      -4.30549495E-03
   9.10999966      -3.81746306E-03
   9.11999989      -3.31440778E-03
   9.13000011      -2.79793935E-03
   9.13999939      -2.26972066E-03
   9.14999962      -1.73146185E-03
   9.15999985      -1.18491414E-03
   9.17000008      -6.31864765E-04
   9.17999935      -7.41305994E-05
   9.18999958       4.86447767E-04
   9.19999981       1.04801217E-03
   9.21000004       1.60869339E-03
   9.22000027       2.16661720E-03
   9.22999954       2.71991082E-03
   9.23999977       3.26670962E-03
   9.25000000       3.80516332E-03
   9.26000023       4.33344208E-03
   9.26999950       4.84974310E-03
   9.27999973       5.35229733E-03
   9.28999996       5.83937485E-03
   9.30000019       6.30929135E-03
   9.30999947       6.76041376E-03
   9.31999969       7.19116628E-03
   9.32999992       7.60003598E-03
   9.34000015       7.98557792E-03
   9.34999943       8.34642071E-03
   9.35999966       8.68127029E-03
   9.36999989       8.98891594E-03
   9.38000011       9.26823355E-03
   9.38999939       9.51819029E-03
   9.39999962       9.73785017E-03
   9.40999985       9.92637314E-03
   9.42000008       1.00830225E-02
   9.42999935       1.02071650E-02
   9.43999958       1.02982763E-02
   9.44999981       1.03559392E-02
   9.46000004       1.03798481E-02
   9.46999931       1.03698103E-02
   9.47999954       1.03257466E-02
   9.48999977       1.02476915E-02
   9.50000000       1.01357950E-02
   9.51000023       9.99032054E-03
   9.51999950       9.81164631E-03
   9.52999973       9.60026309E-03
   9.53999996       9.35677439E-03
   9.55000019       9.08189453E-03
   9.55999947       8.77644680E-03
   9.56999969       8.44135880E-03
   9.57999992       8.07766430E-03
   9.59000015       7.68649578E-03
   9.59999943       7.26908445E-03
   9.60999966       6.82675419E-03
   9.61999989       6.36091875E-03
   9.63000011       5.87307662E-03
   9.63999939       5.36480732E-03
   9.64999962       4.83776489E-03
   9.65999985       4.29367414E-03
   9.67000008       3.73432413E-03
   9.67999935       3.16156261E-03
   9.68999958       2.57729017E-03
   9.69999981       1.98345352E-03
   9.71000004       1.38203916E-03
   9.71999931       7.75067077E-04
   9.72999954       1.64583616E-04
   9.73999977      -4.47345432E-04
   9.75000000      -1.05864170E-03
   9.76000023      -1.66722143E-03
   9.76999950      -2.27100262E-03
   9.77999973      -2.86791241E-03
   9.78999996      -3.45589360E-03
   9.80000019      -4.03291266E-03
   9.80999947      -4.59696585E-03
   9.81999969      -5.14608668E-03
   9.82999992      -5.67835383E-03
   9.84000015      -6.19189534E-03
   9.84999943      -6.68489793E-03
   9.85999966      -7.15561165E-03
   9.86999989      -7.60235637E-03
   9.88000011      -8.02352838E-03
   9.88999939      -8.41760635E-03
   9.89999962      -8.78315419E-03
   9.90999985      -9.11882985E-03
   9.92000008      -9.42338817E-03
   9.92999935      -9.69568454E-03
   9.93999958      -9.93468147E-03
   9.94999981      -1.01394514E-02
   9.96000004      -1.03091793E-02
   9.96999931      -1.04431668E-02
   9.97999954      -1.05408346E-02
   9.98999977      -1.06017245E-02
   10.0000000      -1.06255021E-02
 
   0.00000000       1.62266809E-02
   9.99999978E-03   1.61031447E-02
   1.99999996E-02   1.59261581E-02
   2.99999993E-02   1.56960711E-02
   3.99999991E-02   1.54134110E-02
   4.99999970E-02   1.50788855E-02
   5.99999987E-02   1.46933803E-02
   7.00000003E-02   1.42579554E-02
   7.99999982E-02   1.37738436E-02
   8.99999961E-02   1.32424477E-02
   9.99999940E-02   1.26653360E-02
  0.109999999       1.20442370E-02
  0.119999997       1.13810357E-02
  0.129999995       1.06777670E-02
  0.140000001       9.93661117E-03
  0.149999991       9.15988442E-03
  0.159999996       8.35003331E-03
  0.170000002       7.50962738E-03
  0.179999992       6.64135069E-03
  0.189999998       5.74799348E-03
  0.199999988       4.83244192E-03
  0.209999993       3.89767066E-03
  0.219999999       2.94673117E-03
  0.229999989       1.98274292E-03
  0.239999995       1.00888265E-03
  0.250000000       2.83735571E-05
  0.259999990      -9.55525320E-04
  0.269999981      -1.93953048E-03
  0.280000001      -2.92034470E-03
  0.289999992      -3.89466854E-03
  0.299999982      -4.85921185E-03
  0.310000002      -5.81070501E-03
  0.319999993      -6.74590981E-03
  0.329999983      -7.66163087E-03
  0.340000004      -8.55472777E-03
  0.349999994      -9.42212436E-03
  0.359999985      -1.02608213E-02
  0.370000005      -1.10679045E-02
  0.379999995      -1.18405567E-02
  0.389999986      -1.25760678E-02
  0.399999976      -1.32718431E-02
  0.409999996      -1.39254136E-02
  0.419999987      -1.45344455E-02
  0.429999977      -1.50967455E-02
  0.439999998      -1.56102711E-02
  0.449999988      -1.60731375E-02
  0.459999979      -1.64836273E-02
  0.469999999      -1.68401878E-02
  0.479999989      -1.71414483E-02
  0.489999980      -1.73862185E-02
  0.500000000      -1.75734926E-02
  0.509999990      -1.77024584E-02
  0.519999981      -1.77724939E-02
  0.529999971      -1.77831762E-02
  0.539999962      -1.77342799E-02
  0.550000012      -1.76257808E-02
  0.560000002      -1.74578521E-02
  0.569999993      -1.72308739E-02
  0.579999983      -1.69454217E-02
  0.589999974      -1.66022740E-02
  0.599999964      -1.62024070E-02
  0.610000014      -1.57469902E-02
  0.620000005      -1.52373863E-02
  0.629999995      -1.46751478E-02
  0.639999986      -1.40620107E-02
  0.649999976      -1.33998897E-02
  0.659999967      -1.26908747E-02
  0.669999957      -1.19372215E-02
  0.680000007      -1.11413477E-02
  0.689999998      -1.03058238E-02
  0.699999988      -9.43336543E-03
  0.709999979      -8.52682441E-03
  0.719999969      -7.58918142E-03
  0.729999959      -6.62353402E-03
  0.740000010      -5.63308783E-03
  0.750000000      -4.62114671E-03
  0.759999990      -3.59110069E-03
  0.769999981      -2.54641520E-03
  0.779999971      -1.49061927E-03
  0.789999962      -4.27293940E-04
  0.799999952       6.39940263E-04
  0.810000002       1.70743547E-03
  0.819999993       2.77152890E-03
  0.829999983       3.82855558E-03
  0.839999974       4.87486087E-03
  0.849999964       5.90681378E-03
  0.859999955       6.92081871E-03
  0.870000005       7.91332871E-03
  0.879999995       8.88085738E-03
  0.889999986       9.81999189E-03
  0.899999976       1.07274037E-02
  0.909999967       1.15998620E-02
  0.919999957       1.24342432E-02
  0.930000007       1.32275438E-02
  0.939999998       1.39768897E-02
  0.949999988       1.46795474E-02
  0.959999979       1.53329326E-02
  0.969999969       1.59346219E-02
  0.979999959       1.64823569E-02
  0.989999950       1.69740561E-02
   1.00000000       1.74078234E-02
   1.00999999       1.77819524E-02
   1.01999998       1.80949327E-02
   1.02999997       1.83454566E-02
   1.03999996       1.85324233E-02
   1.04999995       1.86549462E-02
   1.05999994       1.87123511E-02
   1.06999993       1.87041853E-02
   1.07999992       1.86302178E-02
   1.09000003       1.84904374E-02
   1.10000002       1.82850566E-02
   1.11000001       1.80145148E-02
   1.12000000       1.76794715E-02
   1.13000000       1.72808077E-02
   1.13999999       1.68196280E-02
   1.14999998       1.62972510E-02
   1.15999997       1.57152098E-02
   1.16999996       1.50752487E-02
   1.17999995       1.43793160E-02
   1.18999994       1.36295594E-02
   1.19999993       1.28283203E-02
   1.20999992       1.19781252E-02
   1.22000003       1.10816807E-02
   1.23000002       1.01418626E-02
   1.24000001       9.16170888E-03
   1.25000000       8.14440940E-03
   1.25999999       7.09329592E-03
   1.26999998       6.01183157E-03
   1.27999997       4.90359869E-03
   1.28999996       3.77228856E-03
   1.29999995       2.62168795E-03
   1.30999994       1.45566778E-03
   1.31999993       2.78168940E-04
   1.32999992      -9.06810397E-04
   1.33999991      -2.09522876E-03
   1.35000002      -3.28301499E-03
   1.36000001      -4.46608197E-03
   1.37000000      -5.64034143E-03
   1.38000000      -6.80171791E-03
   1.38999999      -7.94616248E-03
   1.39999998      -9.06966720E-03
   1.40999997      -1.01682805E-02
   1.41999996      -1.12381186E-02
   1.42999995      -1.22753810E-02
   1.43999994      -1.32763637E-02
   1.44999993      -1.42374709E-02
   1.45999992      -1.51552306E-02
   1.46999991      -1.60263032E-02
   1.48000002      -1.68474969E-02
   1.49000001      -1.76157746E-02
   1.50000000      -1.83282718E-02
   1.50999999      -1.89822987E-02
   1.51999998      -1.95753556E-02
   1.52999997      -2.01051384E-02
   1.53999996      -2.05695517E-02
   1.54999995      -2.09667087E-02
   1.55999994      -2.12949459E-02
   1.56999993      -2.15528253E-02
   1.57999992      -2.17391420E-02
   1.58999991      -2.18529254E-02
   1.59999990      -2.18934473E-02
   1.61000001      -2.18602233E-02
   1.62000000      -2.17530150E-02
   1.63000000      -2.15718318E-02
   1.63999999      -2.13169325E-02
   1.64999998      -2.09888276E-02
   1.65999997      -2.05882750E-02
   1.66999996      -2.01162789E-02
   1.67999995      -1.95740890E-02
   1.68999994      -1.89631991E-02
   1.69999993      -1.82853397E-02
   1.70999992      -1.75424758E-02
   1.71999991      -1.67368036E-02
   1.73000002      -1.58707369E-02
   1.74000001      -1.49469078E-02
   1.75000000      -1.39681567E-02
   1.75999999      -1.29375234E-02
   1.76999998      -1.18582370E-02
   1.77999997      -1.07337078E-02
   1.78999996      -9.56751592E-03
   1.79999995      -8.36339965E-03
   1.80999994      -7.12524448E-03
   1.81999993      -5.85706998E-03
   1.82999992      -4.56301589E-03
   1.83999991      -3.24732950E-03
   1.84999990      -1.91435183E-03
   1.86000001      -5.68502350E-04
   1.87000000       7.85735901E-04
   1.88000000       2.14383123E-03
   1.88999999       3.50121944E-03
   1.89999998       4.85331891E-03
   1.90999997       6.19554706E-03
   1.91999996       7.52333552E-03
   1.92999995       8.83214734E-03
   1.93999994       1.01174917E-02
   1.94999993       1.13749402E-02
   1.95999992       1.26001425E-02
   1.96999991       1.37888407E-02
   1.97999990       1.49368867E-02
   1.99000001       1.60402544E-02
   2.00000000       1.70950554E-02
   2.00999999       1.80975515E-02
   2.01999998       1.90441683E-02
   2.02999997       1.99315082E-02
   2.03999996       2.07563639E-02
   2.04999995       2.15157252E-02
   2.05999994       2.22067945E-02
   2.06999993       2.28269938E-02
   2.07999992       2.33739763E-02
   2.08999991       2.38456298E-02
   2.09999990       2.42400914E-02
   2.10999990       2.45557502E-02
   2.11999989       2.47912519E-02
   2.12999988       2.49455087E-02
   2.13999987       2.50177011E-02
   2.14999986       2.50072796E-02
   2.15999985       2.49139704E-02
   2.16999984       2.47377753E-02
   2.18000007       2.44789757E-02
   2.19000006       2.41381284E-02
   2.20000005       2.37160698E-02
   2.21000004       2.32139118E-02
   2.22000003       2.26330385E-02
   2.23000002       2.19751038E-02
   2.24000001       2.12420262E-02
   2.25000000       2.04359889E-02
   2.25999999       1.95594262E-02
   2.26999998       1.86150242E-02
   2.27999997       1.76057052E-02
   2.28999996       1.65346283E-02
   2.29999995       1.54051734E-02
   2.30999994       1.42209334E-02
   2.31999993       1.29857026E-02
   2.32999992       1.17034651E-02
   2.33999991       1.03783831E-02
   2.34999990       9.01478343E-03
   2.35999990       7.61714205E-03
   2.36999989       6.19007088E-03
   2.37999988       4.73830337E-03
   2.38999987       3.26667610E-03
   2.39999986       1.78011437E-03
   2.40999985       2.83615082E-04
   2.41999984      -1.21777074E-03
   2.42999983      -2.71895528E-03
   2.44000006      -4.21483070E-03
   2.45000005      -5.70028881E-03
   2.46000004      -7.17023760E-03
   2.47000003      -8.61961953E-03
   2.48000002      -1.00434292E-02
   2.49000001      -1.14367325E-02
   2.50000000      -1.27946800E-02
   2.50999999      -1.41125303E-02
   2.51999998      -1.53856603E-02
   2.52999997      -1.66095868E-02
   2.53999996      -1.77799799E-02
   2.54999995      -1.88926794E-02
   2.55999994      -1.99437067E-02
   2.56999993      -2.09292807E-02
   2.57999992      -2.18458325E-02
   2.58999991      -2.26900168E-02
   2.59999990      -2.34587230E-02
   2.60999990      -2.41490845E-02
   2.61999989      -2.47584935E-02
   2.62999988      -2.52846070E-02
   2.63999987      -2.57253554E-02
   2.64999986      -2.60789488E-02
   2.65999985      -2.63438877E-02
   2.66999984      -2.65189651E-02
   2.67999983      -2.66032722E-02
   2.69000006      -2.65962016E-02
   2.70000005      -2.64974516E-02
   2.71000004      -2.63070296E-02
   2.72000003      -2.60252487E-02
   2.73000002      -2.56527327E-02
   2.74000001      -2.51904130E-02
   2.75000000      -2.46395245E-02
   2.75999999      -2.40016095E-02
   2.76999998      -2.32785083E-02
   2.77999997      -2.24723574E-02
   2.78999996      -2.15855818E-02
   2.79999995      -2.06208918E-02
   2.80999994      -1.95812751E-02
   2.81999993      -1.84699856E-02
   2.82999992      -1.72905345E-02
   2.83999991      -1.60466842E-02
   2.84999990      -1.47424331E-02
   2.85999990      -1.33820046E-02
   2.86999989      -1.19698346E-02
   2.87999988      -1.05105573E-02
   2.88999987      -9.00898874E-03
   2.89999986      -7.47011462E-03
   2.90999985      -5.89907076E-03
   2.91999984      -4.30112844E-03
   2.92999983      -2.68167490E-03
   2.93999982      -1.04619609E-03
   2.95000005       5.99742634E-04
   2.96000004       2.25051539E-03
   2.97000003       3.90045531E-03
   2.98000002       5.54387551E-03
   2.99000001       7.17508700E-03
   3.00000000       8.78842175E-03
   3.00999999       1.03782490E-02
   3.01999998       1.19390003E-02
   3.02999997       1.34651847E-02
   3.03999996       1.49514107E-02
   3.04999995       1.63924042E-02
   3.05999994       1.77830309E-02
   3.06999993       1.91183090E-02
   3.07999992       2.03934293E-02
   3.08999991       2.16037743E-02
   3.09999990       2.27449313E-02
   3.10999990       2.38127112E-02
   3.11999989       2.48031598E-02
   3.12999988       2.57125720E-02
   3.13999987       2.65375096E-02
   3.14999986       2.72748042E-02
   3.15999985       2.79215761E-02
   3.16999984       2.84752417E-02
   3.17999983       2.89335232E-02
   3.18999982       2.92944554E-02
   3.19999981       2.95563936E-02
   3.21000004       2.97180191E-02
   3.22000003       2.97783483E-02
   3.23000002       2.97367293E-02
   3.24000001       2.95928530E-02
   3.25000000       2.93467492E-02
   3.25999999       2.89987922E-02
   3.26999998       2.85496991E-02
   3.27999997       2.80005280E-02
   3.28999996       2.73526795E-02
   3.29999995       2.66078897E-02
   3.30999994       2.57682279E-02
   3.31999993       2.48360950E-02
   3.32999992       2.38142125E-02
   3.33999991       2.27056183E-02
   3.34999990       2.15136595E-02
   3.35999990       2.02419814E-02
   3.36999989       1.88945159E-02
   3.37999988       1.74754746E-02
   3.38999987       1.59893334E-02
   3.39999986       1.44408206E-02
   3.40999985       1.28349001E-02
   3.41999984       1.11767584E-02
   3.42999983       9.47178807E-03
   3.43999982       7.72556849E-03
   3.44999981       5.94384922E-03
   3.46000004       4.13253065E-03
   3.47000003       2.29764404E-03
   3.48000002       4.45330632E-04
   3.49000001      -1.41817902E-03
   3.50000000      -3.28658707E-03
   3.50999999      -5.15354984E-03
   3.51999998      -7.01270159E-03
   3.52999997      -8.85767583E-03
   3.53999996      -1.06821284E-02
   3.54999995      -1.24797607E-02
   3.55999994      -1.42443422E-02
   3.56999993      -1.59697309E-02
   3.57999992      -1.76498983E-02
   3.58999991      -1.92789491E-02
   3.59999990      -2.08511427E-02
   3.60999990      -2.23609153E-02
   3.61999989      -2.38028951E-02
   3.62999988      -2.51719262E-02
   3.63999987      -2.64630839E-02
   3.64999986      -2.76716929E-02
   3.65999985      -2.87933424E-02
   3.66999984      -2.98239030E-02
   3.67999983      -3.07595395E-02
   3.68999982      -3.15967239E-02
   3.69999981      -3.23322453E-02
   3.70999980      -3.29632275E-02
   3.72000003      -3.34871337E-02
   3.73000002      -3.39017771E-02
   3.74000001      -3.42053287E-02
   3.75000000      -3.43963169E-02
   3.75999999      -3.44736464E-02
   3.76999998      -3.44365947E-02
   3.77999997      -3.42848115E-02
   3.78999996      -3.40183303E-02
   3.79999995      -3.36375646E-02
   3.80999994      -3.31433117E-02
   3.81999993      -3.25367413E-02
   3.82999992      -3.18194106E-02
   3.83999991      -3.09932474E-02
   3.84999990      -3.00605521E-02
   3.85999990      -2.90239900E-02
   3.86999989      -2.78865881E-02
   3.87999988      -2.66517233E-02
   3.88999987      -2.53231190E-02
   3.89999986      -2.39048284E-02
   3.90999985      -2.24012323E-02
   3.91999984      -2.08170172E-02
   3.92999983      -1.91571712E-02
   3.93999982      -1.74269602E-02
   3.94999981      -1.56319179E-02
   3.95999980      -1.37778297E-02
   3.97000003      -1.18707102E-02
   3.98000002      -9.91678424E-03
   3.99000001      -7.92247150E-03
   4.00000000      -5.89435920E-03
   4.00999975      -3.83918337E-03
   4.01999998      -1.76380458E-03
   4.02999973       3.24815512E-04
   4.03999996       2.41963868E-03
   4.04999971       4.51357570E-03
   4.05999994       6.59951009E-03
   4.06999969       8.67032632E-03
   4.07999992       1.07189324E-02
   4.08999968       1.27382865E-02
   4.09999990       1.47214253E-02
   4.11000013       1.66614838E-02
   4.11999989       1.85517259E-02
   4.13000011       2.03855652E-02
   4.13999987       2.21565887E-02
   4.15000010       2.38585826E-02
   4.15999985       2.54855491E-02
   4.17000008       2.70317309E-02
   4.17999983       2.84916330E-02
   4.19000006       2.98600383E-02
   4.19999981       3.11320256E-02
   4.21000004       3.23029868E-02
   4.21999979       3.33686471E-02
   4.23000002       3.43250670E-02
   4.23999977       3.51686701E-02
   4.25000000       3.58962491E-02
   4.25999975       3.65049727E-02
   4.26999998       3.69923972E-02
   4.27999973       3.73564735E-02
   4.28999996       3.75955626E-02
   4.29999971       3.77084315E-02
   4.30999994       3.76942605E-02
   4.31999969       3.75526510E-02
   4.32999992       3.72836217E-02
   4.33999968       3.68876122E-02
   4.34999990       3.63654904E-02
   4.36000013       3.57185416E-02
   4.36999989       3.49484719E-02
   4.38000011       3.40574048E-02
   4.38999987       3.30478735E-02
   4.40000010       3.19228172E-02
   4.40999985       3.06855775E-02
   4.42000008       2.93398891E-02
   4.42999983       2.78898664E-02
   4.44000006       2.63399985E-02
   4.44999981       2.46951338E-02
   4.46000004       2.29604673E-02
   4.46999979       2.11415272E-02
   4.48000002       1.92441568E-02
   4.48999977       1.72745008E-02
   4.50000000       1.52389826E-02
   4.50999975       1.31442854E-02
   4.51999998       1.09973317E-02
   4.52999973       8.80525913E-03
   4.53999996       6.57539861E-03
   4.54999971       4.31524729E-03
   4.55999994       2.03244365E-03
   4.56999969      -2.65259296E-04
   4.57999992      -2.57002190E-03
   4.58999968      -4.87394631E-03
   4.59999990      -7.16910372E-03
   4.61000013      -9.44756530E-03
   4.61999989      -1.17014293E-02
   4.63000011      -1.39228525E-02
   4.63999987      -1.61040761E-02
   4.65000010      -1.82374567E-02
   4.65999985      -2.03154944E-02
   4.67000008      -2.23308560E-02
   4.67999983      -2.42764074E-02
   4.69000006      -2.61452347E-02
   4.69999981      -2.79306713E-02
   4.71000004      -2.96263192E-02
   4.71999979      -3.12260743E-02
   4.73000002      -3.27241458E-02
   4.73999977      -3.41150723E-02
   4.75000000      -3.53937447E-02
   4.75999975      -3.65554243E-02
   4.76999998      -3.75957526E-02
   4.77999973      -3.85107696E-02
   4.78999996      -3.92969213E-02
   4.79999971      -3.99510823E-02
   4.80999994      -4.04705517E-02
   4.81999969      -4.08530720E-02
   4.82999992      -4.10968326E-02
   4.83999968      -4.12004739E-02
   4.84999990      -4.11630981E-02
   4.85999966      -4.09842692E-02
   4.86999989      -4.06640209E-02
   4.88000011      -4.02028449E-02
   4.88999987      -3.96017060E-02
   4.90000010      -3.88620347E-02
   4.90999985      -3.79857235E-02
   4.92000008      -3.69751304E-02
   4.92999983      -3.58330682E-02
   4.94000006      -3.45628001E-02
   4.94999981      -3.31680365E-02
   4.96000004      -3.16529199E-02
   4.96999979      -3.00220232E-02
   4.98000002      -2.82803308E-02
   4.98999977      -2.64332332E-02
   5.00000000      -2.44865064E-02
   5.00999975      -2.24463008E-02
   5.01999998      -2.03191191E-02
   5.02999973      -1.81118045E-02
   5.03999996      -1.58315115E-02
   5.04999971      -1.34856887E-02
   5.05999994      -1.10820550E-02
   5.06999969      -8.62857327E-03
   5.07999992      -6.13342319E-03
   5.08999968      -3.60497483E-03
   5.09999990      -1.05175772E-03
   5.10999966       1.51756871E-03
   5.11999989       4.09424584E-03
   5.13000011       6.66944962E-03
   5.13999987       9.23432037E-03
   5.15000010       1.17799975E-02
   5.15999985       1.42976530E-02
   5.17000008       1.67785231E-02
   5.17999983       1.92139428E-02
   5.19000006       2.15953737E-02
   5.19999981       2.39144415E-02
   5.21000004       2.61629652E-02
   5.21999979       2.83329841E-02
   5.23000002       3.04167885E-02
   5.23999977       3.24069485E-02
   5.25000000       3.42963338E-02
   5.25999975       3.60781513E-02
   5.26999998       3.77459526E-02
   5.27999973       3.92936654E-02
   5.28999996       4.07156125E-02
   5.29999971       4.20065224E-02
   5.30999994       4.31615598E-02
   5.31999969       4.41763252E-02
   5.32999992       4.50468771E-02
   5.33999968       4.57697473E-02
   5.34999990       4.63419408E-02
   5.35999966       4.67609540E-02
   5.36999989       4.70247753E-02
   5.38000011       4.71318997E-02
   5.38999987       4.70813252E-02
   5.40000010       4.68725637E-02
   5.40999985       4.65056449E-02
   5.42000008       4.59811091E-02
   5.42999983       4.53000143E-02
   5.44000006       4.44639362E-02
   5.44999981       4.34749648E-02
   5.46000004       4.23356965E-02
   5.46999979       4.10492383E-02
   5.48000002       3.96191999E-02
   5.48999977       3.80496792E-02
   5.50000000       3.63452621E-02
   5.50999975       3.45110148E-02
   5.51999998       3.25524583E-02
   5.52999973       3.04755718E-02
   5.53999996       2.82867663E-02
   5.54999971       2.59928722E-02
   5.55999994       2.36011203E-02
   5.56999969       2.11191215E-02
   5.57999992       1.85548421E-02
   5.58999968       1.59165822E-02
   5.59999990       1.32129472E-02
   5.60999966       1.04528209E-02
   5.61999989       7.64533598E-03
   5.62999964       4.79984097E-03
   5.63999987       1.92586938E-03
   5.65000010      -9.66897234E-04
   5.65999985      -3.86866205E-03
   5.67000008      -6.76955096E-03
   5.67999983      -9.65964980E-03
   5.69000006      -1.25290398E-02
   5.69999981      -1.53678376E-02
   5.71000004      -1.81662329E-02
   5.71999979      -2.09145248E-02
   5.73000002      -2.36031599E-02
   5.73999977      -2.62227636E-02
   5.75000000      -2.87641827E-02
   5.75999975      -3.12185138E-02
   5.76999998      -3.35771367E-02
   5.77999973      -3.58317457E-02
   5.78999996      -3.79743800E-02
   5.79999971      -3.99974436E-02
   5.80999994      -4.18937430E-02
   5.81999969      -4.36564982E-02
   5.82999992      -4.52793725E-02
   5.83999968      -4.67564873E-02
   5.84999990      -4.80824448E-02
   5.85999966      -4.92523387E-02
   5.86999989      -5.02617657E-02
   5.87999964      -5.11068515E-02
   5.88999987      -5.17842472E-02
   5.90000010      -5.22911437E-02
   5.90999985      -5.26252799E-02
   5.92000008      -5.27849533E-02
   5.92999983      -5.27690127E-02
   5.94000006      -5.25768809E-02
   5.94999981      -5.22085391E-02
   5.96000004      -5.16645424E-02
   5.96999979      -5.09460121E-02
   5.98000002      -5.00546396E-02
   5.98999977      -4.89926822E-02
   6.00000000      -4.77629639E-02
   6.00999975      -4.63688672E-02
   6.01999998      -4.48143259E-02
   6.02999973      -4.31038290E-02
   6.03999996      -4.12424020E-02
   6.04999971      -3.92355993E-02
   6.05999994      -3.70894969E-02
   6.06999969      -3.48106697E-02
   6.07999992      -3.24061848E-02
   6.08999968      -2.98835803E-02
   6.09999990      -2.72508450E-02
   6.10999966      -2.45163981E-02
   6.11999989      -2.16890629E-02
   6.12999964      -1.87780410E-02
   6.13999987      -1.57928839E-02
   6.15000010      -1.27434628E-02
   6.15999985      -9.63993184E-03
   6.17000008      -6.49269670E-03
   6.17999983      -3.31237540E-03
   6.19000006      -1.09758927E-04
   6.19999981       3.10422783E-03
   6.21000004       6.31856825E-03
   6.21999979       9.52219591E-03
   6.23000002       1.27040371E-02
   6.23999977       1.58530567E-02
   6.25000000       1.89582966E-02
   6.25999975       2.20089257E-02
   6.26999998       2.49942727E-02
   6.27999973       2.79038772E-02
   6.28999996       3.07275206E-02
   6.29999971       3.34552675E-02
   6.30999994       3.60775068E-02
   6.31999969       3.85849774E-02
   6.32999992       4.09688093E-02
   6.33999968       4.32205461E-02
   6.34999990       4.53321747E-02
   6.35999966       4.72961590E-02
   6.36999989       4.91054468E-02
   6.37999964       5.07535040E-02
   6.38999987       5.22343293E-02
   6.39999962       5.35424724E-02
   6.40999985       5.46730421E-02
   6.42000008       5.56217209E-02
   6.42999983       5.63847870E-02
   6.44000006       5.69591038E-02
   6.44999981       5.73421456E-02
   6.46000004       5.75319976E-02
   6.46999979       5.75273521E-02
   6.48000002       5.73275313E-02
   6.48999977       5.69324680E-02
   6.50000000       5.63427322E-02
   6.50999975       5.55595085E-02
   6.51999998       5.45846075E-02
   6.52999973       5.34204692E-02
   6.53999996       5.20701520E-02
   6.54999971       5.05373292E-02
   6.55999994       4.88262884E-02
   6.56999969       4.69419286E-02
   6.57999992       4.48897406E-02
   6.58999968       4.26758118E-02
   6.59999990       4.03068028E-02
   6.60999966       3.77899371E-02
   6.61999989       3.51329930E-02
   6.62999964       3.23442742E-02
   6.63999987       2.94325966E-02
   6.64999962       2.64072623E-02
   6.65999985       2.32780352E-02
   6.67000008       2.00551096E-02
   6.67999983       1.67490821E-02
   6.69000006       1.33709125E-02
   6.69999981       9.93189216E-03
   6.71000004       6.44360017E-03
   6.71999979       2.91786343E-03
   6.73000002      -6.33288175E-04
   6.73999977      -4.19766782E-03
   6.75000000      -7.76297925E-03
   6.75999975      -1.13168648E-02
   6.76999998      -1.48469564E-02
   6.77999973      -1.83409248E-02
   6.78999996      -2.17865277E-02
   6.79999971      -2.51716599E-02
   6.80999994      -2.84844059E-02
   6.81999969      -3.17130797E-02
   6.82999992      -3.48462723E-02
   6.83999968      -3.78729030E-02
   6.84999990      -4.07822505E-02
   6.85999966      -4.35639918E-02
   6.86999989      -4.62082438E-02
   6.87999964      -4.87055965E-02
   6.88999987      -5.10471389E-02
   6.89999962      -5.32244891E-02
   6.90999985      -5.52298166E-02
   6.92000008      -5.70558645E-02
   6.92999983      -5.86959720E-02
   6.94000006      -6.01440892E-02
   6.94999981      -6.13947883E-02
   6.96000004      -6.24432787E-02
   6.96999979      -6.32854179E-02
   6.98000002      -6.39177263E-02
   6.98999977      -6.43373802E-02
   7.00000000      -6.45422265E-02
   7.00999975      -6.45307824E-02
   7.01999998      -6.43022582E-02
   7.02999973      -6.38565272E-02
   7.03999996      -6.31941557E-02
   7.04999971      -6.23163916E-02
   7.05999994      -6.12251684E-02
   7.06999969      -5.99231012E-02
   7.07999992      -5.84134907E-02
   7.08999968      -5.67003116E-02
   7.09999990      -5.47882169E-02
   7.10999966      -5.26825301E-02
   7.11999989      -5.03892414E-02
   7.12999964      -4.79149930E-02
   7.13999987      -4.52670753E-02
   7.14999962      -4.24534082E-02
   7.15999985      -3.94825339E-02
   7.17000008      -3.63635868E-02
   7.17999983      -3.31062861E-02
   7.19000006      -2.97209024E-02
   7.19999981      -2.62182336E-02
   7.21000004      -2.26095747E-02
   7.21999979      -1.89066809E-02
   7.23000002      -1.51217319E-02
   7.23999977      -1.12672914E-02
   7.25000000      -7.35626230E-03
   7.25999975      -3.40183731E-03
   7.26999998       5.82549255E-04
   7.27999973       4.58327541E-03
   7.28999996       8.58658552E-03
   7.29999971       1.25786467E-02
   7.30999994       1.65456068E-02
   7.31999969       2.04736516E-02
   7.32999992       2.43490618E-02
   7.33999968       2.81582717E-02
   7.34999990       3.18879262E-02
   7.35999966       3.55249345E-02
   7.36999989       3.90565172E-02
   7.37999964       4.24702652E-02
   7.38999987       4.57541831E-02
   7.39999962       4.88967262E-02
   7.40999985       5.18868454E-02
   7.41999960       5.47140315E-02
   7.42999983       5.73683307E-02
   7.44000006       5.98403923E-02
   7.44999981       6.21214844E-02
   7.46000004       6.42035156E-02
   7.46999979       6.60790578E-02
   7.48000002       6.77413642E-02
   7.48999977       6.91843852E-02
   7.50000000       7.04027638E-02
   7.50999975       7.13918582E-02
   7.51999998       7.21477568E-02
   7.52999973       7.26672709E-02
   7.53999996       7.29479417E-02
   7.54999971       7.29880482E-02
   7.55999994       7.27866068E-02
   7.56999969       7.23433867E-02
   7.57999992       7.16588795E-02
   7.58999968       7.07343444E-02
   7.59999990       6.95717707E-02
   7.60999966       6.81738928E-02
   7.61999989       6.65442050E-02
   7.62999964       6.46869317E-02
   7.63999987       6.26070499E-02
   7.64999962       6.03102669E-02
   7.65999985       5.78030273E-02
   7.66999960       5.50925098E-02
   7.67999983       5.21866083E-02
   7.69000006       4.90939245E-02
   7.69999981       4.58237529E-02
   7.71000004       4.23860736E-02
   7.71999979       3.87915187E-02
   7.73000002       3.50513533E-02
   7.73999977       3.11774500E-02
   7.75000000       2.71822568E-02
   7.75999975       2.30787564E-02
   7.76999998       1.88804269E-02
   7.77999973       1.46012008E-02
   7.78999996       1.02554075E-02
   7.79999971       5.85772702E-03
   7.80999994       1.42312888E-03
   7.81999969      -3.03318677E-03
   7.82999992      -7.49585358E-03
   7.83999968      -1.19494032E-02
   7.84999990      -1.63783338E-02
   7.85999966      -2.07671747E-02
   7.86999989      -2.51005553E-02
   7.87999964      -2.93632746E-02
   7.88999987      -3.35403644E-02
   7.89999962      -3.76171544E-02
   7.90999985      -4.15793285E-02
   7.91999960      -4.54129837E-02
   7.92999983      -4.91046906E-02
   7.94000006      -5.26415370E-02
   7.94999981      -5.60111664E-02
   7.96000004      -5.92018329E-02
   7.96999979      -6.22024275E-02
   7.98000002      -6.50025085E-02
   7.98999977      -6.75923303E-02
   8.00000000      -6.99628741E-02
   8.01000023      -7.21058622E-02
   8.01999950      -7.40137547E-02
   8.02999973      -7.56797940E-02
   8.03999996      -7.70979971E-02
   8.05000019      -7.82631636E-02
   8.05999947      -7.91708753E-02
   8.06999969      -7.98175186E-02
   8.07999992      -8.02002698E-02
   8.09000015      -8.03171098E-02
   8.09999943      -8.01668167E-02
   8.10999966      -7.97489733E-02
   8.11999989      -7.90639669E-02
   8.13000011      -7.81129971E-02
   8.13999939      -7.68980533E-02
   8.14999962      -7.54219517E-02
   8.15999985      -7.36883059E-02
   8.17000008      -7.17015490E-02
   8.17999935      -6.94669187E-02
   8.18999958      -6.69904649E-02
   8.19999981      -6.42790496E-02
   8.21000004      -6.13403395E-02
   8.22000027      -5.81827983E-02
   8.22999954      -5.48156835E-02
   8.23999977      -5.12490347E-02
   8.25000000      -4.74936552E-02
   8.26000023      -4.35611010E-02
   8.26999950      -3.94636542E-02
   8.27999973      -3.52142900E-02
   8.28999996      -3.08266561E-02
   8.30000019      -2.63150223E-02
   8.30999947      -2.16942430E-02
   8.31999969      -1.69797074E-02
   8.32999992      -1.21872853E-02
   8.34000015      -7.33326562E-03
   8.34999943      -2.43429141E-03
   8.35999966       2.49270862E-03
   8.36999989       7.43059348E-03
   8.38000011       1.23620871E-02
   8.38999939       1.72698535E-02
   8.39999962       2.21365821E-02
   8.40999985       2.69450620E-02
   8.42000008       3.16782631E-02
   8.42999935       3.63194123E-02
   8.43999958       4.08520699E-02
   8.44999981       4.52602059E-02
   8.46000004       4.95282486E-02
   8.47000027       5.36411703E-02
   8.47999954       5.75845279E-02
   8.48999977       6.13445193E-02
   8.50000000       6.49080276E-02
   8.51000023       6.82626516E-02
   8.51999950       7.13967606E-02
   8.52999973       7.42995068E-02
   8.53999996       7.69608393E-02
   8.55000019       7.93715343E-02
   8.55999947       8.15232173E-02
   8.56999969       8.34083557E-02
   8.57999992       8.50202665E-02
   8.59000015       8.63531381E-02
   8.59999943       8.74020085E-02
   8.60999966       8.81627947E-02
   8.61999989       8.86322558E-02
   8.63000011       8.88080373E-02
   8.63999939       8.86886269E-02
   8.64999962       8.82733911E-02
   8.65999985       8.75625536E-02
   8.67000008       8.65572095E-02
   8.67999935       8.52593109E-02
   8.68999958       8.36716890E-02
   8.69999981       8.17980394E-02
   8.71000004       7.96429440E-02
   8.72000027       7.72118568E-02
   8.72999954       7.45111257E-02
   8.73999977       7.15479702E-02
   8.75000000       6.83305115E-02
   8.76000023       6.48677498E-02
   8.76999950       6.11695684E-02
   8.77999973       5.72467335E-02
   8.78999996       5.31108715E-02
   8.80000019       4.87744659E-02
   8.80999947       4.42508347E-02
   8.81999969       3.95541042E-02
   8.82999992       3.46991718E-02
   8.84000015       2.97016781E-02
   8.84999943       2.45779529E-02
   8.85999966       1.93449706E-02
   8.86999989       1.40202800E-02
   8.88000011       8.62194598E-03
   8.88999939       3.16847255E-03
   8.89999962      -2.32127542E-03
   8.90999985      -7.82815833E-03
   8.92000008      -1.33328512E-02
   8.92999935      -1.88159347E-02
   8.93999958      -2.42579896E-02
   8.94999981      -2.96396930E-02
   8.96000004      -3.49419117E-02
   8.97000027      -4.01457958E-02
   8.97999954      -4.52328660E-02
   8.98999977      -5.01850992E-02
   9.00000000      -5.49850091E-02
   9.01000023      -5.96157163E-02
   9.01999950      -6.40610084E-02
   9.02999973      -6.83054104E-02
   9.03999996      -7.23342299E-02
   9.05000019      -7.61336014E-02
   9.05999947      -7.96905011E-02
   9.06999969      -8.29928145E-02
   9.07999992      -8.60293210E-02
   9.09000015      -8.87897313E-02
   9.09999943      -9.12646800E-02
   9.10999966      -9.34457555E-02
   9.11999989      -9.53254774E-02
   9.13000011      -9.68973190E-02
   9.13999939      -9.81556773E-02
   9.14999962      -9.90958884E-02
   9.15999985      -9.97142345E-02
   9.17000008     -0.100007907    
   9.17999935      -9.99750271E-02
   9.18999958      -9.96146351E-02
   9.19999981      -9.89267007E-02
   9.21000004      -9.79121029E-02
   9.22000027      -9.65726525E-02
   9.22999954      -9.49110836E-02
   9.23999977      -9.29310545E-02
   9.25000000      -9.06371772E-02
   9.26000023      -8.80350024E-02
   9.26999950      -8.51310343E-02
   9.27999973      -8.19327384E-02
   9.28999996      -7.84485564E-02
   9.30000019      -7.46879056E-02
   9.30999947      -7.06611797E-02
   9.31999969      -6.63797557E-02
   9.32999992      -6.18559942E-02
   9.34000015      -5.71032278E-02
   9.34999943      -5.21357395E-02
   9.35999966      -4.69687544E-02
   9.36999989      -4.16184068E-02
   9.38000011      -3.61017063E-02
   9.38999939      -3.04364879E-02
   9.39999962      -2.46413630E-02
   9.40999985      -1.87356547E-02
   9.42000008      -1.27393212E-02
   9.42999935      -6.67287735E-03
   9.43999958      -5.57303894E-04
   9.44999981       5.58605231E-03
   9.46000004       1.17355818E-02
   9.46999931       1.78695209E-02
   9.47999954       2.39660684E-02
   9.48999977       3.00034937E-02
   9.50000000       3.59602571E-02
   9.51000023       4.18151170E-02
   9.51999950       4.75472361E-02
   9.52999973       5.31362891E-02
   9.53999996       5.85625581E-02
   9.55000019       6.38070181E-02
   9.55999947       6.88514039E-02
   9.56999969       7.36782923E-02
   9.57999992       7.82711580E-02
   9.59000015       8.26144144E-02
   9.59999943       8.66934583E-02
   9.60999966       9.04946849E-02
   9.61999989       9.40055177E-02
   9.63000011       9.72144306E-02
   9.63999939      0.100110926    
   9.64999962      0.102685556    
   9.65999985      0.104929909    
   9.67000008      0.106836610    
   9.67999935      0.108399302    
   9.68999958      0.109612644    
   9.69999981      0.110472284    
   9.71000004      0.110974878    
   9.71999931      0.111118041    
   9.72999954      0.110900380    
   9.73999977      0.110321462    
   9.75000000      0.109381825    
   9.76000023      0.108082980    
   9.76999950      0.106427409    
   9.77999973      0.104418583    
   9.78999996      0.102060959    
   9.80000019       9.93599966E-02
   9.80999947       9.63221714E-02
   9.81999969       9.29550081E-02
   9.82999992       8.92670602E-02
   9.84000015       8.52679536E-02
   9.84999943       8.09684023E-02
   9.85999966       7.63801932E-02
   9.86999989       7.15162233E-02
   9.88000011       6.63904846E-02
   9.88999939       6.10180721E-02
   9.89999962       5.54151572E-02
   9.90999985       4.95989807E-02
   9.92000008       4.35878187E-02
   9.92999935       3.74009423E-02
   9.93999958       3.10585685E-02
   9.94999981       2.45817900E-02
   9.96000004       1.79924984E-02
   9.96999931       1.13132969E-02
   9.97999954       4.56740148E-03
   9.98999977      -2.22147675E-03
   10.0000000      -9.02924966E-03
