   0.00000000       0.00000000    
  -4.99999987E-05  -4.99999989E-03
  -1.24949991E-04  -7.49500003E-03
  -2.12225044E-04  -8.72750487E-03
  -3.05387948E-04  -9.31628980E-03
  -4.01083380E-04  -9.56954248E-03
  -4.97491565E-04  -9.64082126E-03
  -5.93558769E-04  -9.60672088E-03
  -6.88614324E-04  -9.50555876E-03
  -7.82180694E-04  -9.35663655E-03
  -8.73879006E-04  -9.16983280E-03
  -9.63382830E-04  -8.95038340E-03
  -1.05039543E-03  -8.70125741E-03
  -1.13463879E-03  -8.42434168E-03
  -1.21584907E-03  -8.12102854E-03
  -1.29377411E-03  -7.79250637E-03
  -1.36817317E-03  -7.43990624E-03
  -1.43881689E-03  -7.06436858E-03
  -1.50548771E-03  -6.66707847E-03
  -1.56798051E-03  -6.24927878E-03
  -1.62610330E-03  -5.81227615E-03
  -1.67967775E-03  -5.35744103E-03
  -1.72853982E-03  -4.88620577E-03
  -1.77254039E-03  -4.40006144E-03
  -1.81154592E-03  -3.90055240E-03
  -1.84543862E-03  -3.38927284E-03
  -1.87411718E-03  -2.86786095E-03
  -1.89749710E-03  -2.33799452E-03
  -1.91551098E-03  -1.80138415E-03
  -1.92810863E-03  -1.25976896E-03
  -1.93525769E-03  -7.14909926E-04
  -1.93694350E-03  -1.68584520E-04
  -1.93316932E-03   3.77419696E-04
  -1.92395621E-03   9.21310566E-04
  -1.90934318E-03   1.46129762E-03
  -1.88938715E-03   1.99559820E-03
  -1.86416274E-03   2.52244319E-03
  -1.83376193E-03   3.04008345E-03
  -1.79829402E-03   3.54679557E-03
  -1.75788510E-03   4.04088758E-03
  -1.71267800E-03   4.52070590E-03
  -1.66283164E-03   4.98463865E-03
  -1.60852040E-03   5.43112447E-03
  -1.54993380E-03   5.85865509E-03
  -1.48727593E-03   6.26578275E-03
  -1.42076472E-03   6.65112399E-03
  -1.35063112E-03   7.01336470E-03
  -1.27711846E-03   7.35126575E-03
  -1.20048178E-03   7.66366674E-03
  -1.12098688E-03   7.94949010E-03
  -1.03890942E-03   8.20774585E-03
  -9.54534102E-04   8.43753386E-03
  -8.68153584E-04   8.63804948E-03
  -7.80067756E-04   8.80858302E-03
  -6.90582499E-04   8.94852635E-03
  -6.00008760E-04   9.05737374E-03
  -5.08661557E-04   9.13472287E-03
  -4.16858762E-04   9.18027852E-03
  -3.24920227E-04   9.19385254E-03
  -2.33166575E-04   9.17536579E-03
  -1.41918106E-04   9.12484713E-03
  -5.14937346E-05   9.04243719E-03
   3.77901015E-05   8.92838370E-03
   1.25620543E-04   8.78304429E-03
   2.11689388E-04   8.60688556E-03
   2.95694190E-04   8.40047933E-03
   3.77339224E-04   8.16450454E-03
   4.56336653E-04   7.89974257E-03
   5.32407430E-04   7.60707539E-03
   6.05282257E-04   7.28748459E-03
   6.74702693E-04   6.94204681E-03
   7.40421994E-04   6.57193083E-03
   8.02205934E-04   6.17839396E-03
   8.59833730E-04   5.76277729E-03
   9.13098746E-04   5.32650296E-03
   9.61809419E-04   4.87106899E-03
   1.00578985E-03   4.39804327E-03
   1.04488048E-03   3.90905980E-03
   1.07893860E-03   3.40581266E-03
   1.10783917E-03   2.89005134E-03
   1.13147486E-03   2.36357376E-03
   1.14975707E-03   1.82822114E-03
   1.16261584E-03   1.28587149E-03
   1.17000018E-03   7.38433388E-04
   1.17187854E-03   1.87839672E-04
   1.16823893E-03  -3.63959174E-04
   1.15908892E-03  -9.15001612E-04
   1.14445575E-03  -1.46332174E-03
   1.12438621E-03  -2.00695591E-03
   1.09894667E-03  -2.54394952E-03
   1.06822303E-03  -3.07236402E-03
   1.03232020E-03  -3.59028322E-03
   9.91362031E-04  -4.09581978E-03
   9.45490785E-04  -4.58712270E-03
   8.94866942E-04  -5.06238267E-03
   8.39668559E-04  -5.51983900E-03
   7.80090690E-04  -5.95778599E-03
   7.16344919E-04  -6.37457892E-03
   6.48658490E-04  -6.76864013E-03
   5.77273837E-04  -7.13846320E-03
   5.02447598E-04  -7.48262089E-03
   4.24449914E-04  -7.79976882E-03
   3.43563413E-04  -8.08865018E-03
   2.60082394E-04  -8.34810175E-03
   1.74311834E-04  -8.57705623E-03
   8.65663460E-05  -8.77454877E-03
  -2.83084955E-06  -8.93971976E-03
  -9.35490170E-05  -9.07181669E-03
  -1.85251003E-04  -9.17019881E-03
  -2.77594401E-04  -9.23433993E-03
  -3.70232709E-04  -9.26383026E-03
  -4.62816475E-04  -9.25837737E-03
  -5.54994564E-04  -9.21780989E-03
  -6.46415341E-04  -9.14207567E-03
  -7.36727787E-04  -9.03124642E-03
  -8.25582945E-04  -8.88551399E-03
  -9.12634889E-04  -8.70519225E-03
  -9.97542054E-04  -8.49071611E-03
  -1.07996841E-03  -8.24264158E-03
  -1.15958485E-03  -7.96164200E-03
  -1.23606995E-03  -7.64850946E-03
  -1.30911148E-03  -7.30414968E-03
  -1.37840724E-03  -6.92958105E-03
  -1.44366652E-03  -6.52593095E-03
  -1.50461087E-03  -6.09443290E-03
  -1.56097510E-03  -5.63642196E-03
  -1.61250844E-03  -5.15333191E-03
  -1.65897538E-03  -4.64668963E-03
  -1.70015648E-03  -4.11811005E-03
  -1.73584942E-03  -3.56929284E-03
  -1.76586956E-03  -3.00201471E-03
  -1.79005077E-03  -2.41812551E-03
  -1.80824613E-03  -1.81954075E-03
  -1.82032853E-03  -1.20823679E-03
  -1.82619097E-03  -5.86243288E-04
  -1.82574731E-03   4.43630270E-05
  -1.81893271E-03   6.81465375E-04
  -1.80570362E-03   1.32291391E-03
  -1.78603828E-03   1.96653279E-03
  -1.75993703E-03   2.61012744E-03
  -1.72742212E-03   3.25149251E-03
  -1.68853789E-03   3.88841843E-03
  -1.64335093E-03   4.51869983E-03
  -1.59194949E-03   5.14014205E-03
  -1.53444381E-03   5.75056951E-03
  -1.47096545E-03   6.34783274E-03
  -1.40166725E-03   6.92981621E-03
  -1.32672279E-03   7.49444496E-03
  -1.24632590E-03   8.03969242E-03
  -1.16068998E-03   8.56358837E-03
  -1.07004773E-03   9.06422362E-03
  -9.74650146E-04   9.53975879E-03
  -8.74765858E-04   9.98842996E-03
  -7.70680315E-04   1.04085542E-02
  -6.62694918E-04   1.07985390E-02
  -5.51126082E-04   1.11568840E-02
  -4.36304195E-04   1.14821885E-02
  -3.18572624E-04   1.17731560E-02
  -1.98286609E-04   1.20286010E-02
  -7.58121023E-05   1.22474506E-02
   4.84754128E-05   1.24287512E-02
   1.74192115E-04   1.25716701E-02
   3.00947111E-04   1.26755005E-02
   4.28343745E-04   1.27396630E-02
   5.55980834E-04   1.27637107E-02
   6.83454098E-04   1.27473287E-02
   8.10357451E-04   1.26903364E-02
   9.36284370E-04   1.25926901E-02
   1.06082915E-03   1.24544809E-02
   1.18358852E-03   1.22759379E-02
   1.30416278E-03   1.20574273E-02
   1.42215728E-03   1.17994500E-02
   1.53718365E-03   1.15026422E-02
   1.64886133E-03   1.11677740E-02
   1.75681885E-03   1.07957469E-02
   1.86069473E-03   1.03875911E-02
   1.96013926E-03   9.94446129E-03
   2.05481565E-03   9.46763624E-03
   2.14440073E-03   8.95851292E-03
   2.22858670E-03   8.41860194E-03
   2.30708206E-03   7.84952473E-03
   2.37961207E-03   7.25300796E-03
   2.44592084E-03   6.63087657E-03
   2.50577135E-03   5.98504953E-03
   2.55894661E-03   5.31753339E-03
   2.60525080E-03   4.63041617E-03
   2.64450931E-03   3.92585946E-03
   2.67657032E-03   3.20609333E-03
   2.70130439E-03   2.47340719E-03
   2.71860580E-03   1.73014333E-03
   2.72839260E-03   9.78689408E-04
   2.73060729E-03   2.21470080E-04
   2.72521679E-03  -5.39061031E-04
   2.71221250E-03  -1.30042934E-03
   2.69161095E-03  -2.06014747E-03
   2.66345381E-03  -2.81572388E-03
   2.62780720E-03  -3.56467068E-03
   2.58476217E-03  -4.30451287E-03
   2.53443420E-03  -5.03279595E-03
   2.47696321E-03  -5.74709475E-03
   2.41251290E-03  -6.44502183E-03
   2.34127045E-03  -7.12423539E-03
   2.26344587E-03  -7.78244669E-03
   2.17927154E-03  -8.41743033E-03
   2.08900124E-03  -9.02702846E-03
   1.99290970E-03  -9.60916188E-03
   1.89129135E-03  -1.01618348E-02
   1.78445992E-03  -1.06831435E-02
   1.67274708E-03  -1.11712823E-02
   1.55650161E-03  -1.16245504E-02
   1.43608800E-03  -1.20413583E-02
   1.31188566E-03  -1.24202324E-02
   1.18428748E-03  -1.27598224E-02
   1.05369848E-03  -1.30589036E-02
   9.20534600E-04  -1.33163854E-02
   7.85221462E-04  -1.35313114E-02
   6.48192829E-04  -1.37028666E-02
   5.09889040E-04  -1.38303777E-02
   3.70755850E-04  -1.39133185E-02
   2.31242739E-04  -1.39513109E-02
   9.18014703E-05  -1.39441267E-02
  -4.71154199E-05  -1.38916895E-02
  -1.85056168E-04  -1.37940757E-02
  -3.21571308E-04  -1.36515135E-02
  -4.56215144E-04  -1.34643838E-02
  -5.88547322E-04  -1.32332193E-02
  -7.18134339E-04  -1.29587036E-02
  -8.44551018E-04  -1.26416693E-02
  -9.67381988E-04  -1.22830942E-02
  -1.08622294E-03  -1.18841007E-02
  -1.20068248E-03  -1.14459516E-02
  -1.31038297E-03  -1.09700458E-02
  -1.41496211E-03  -1.04579153E-02
  -1.51407428E-03  -9.91121866E-03
  -1.60739163E-03  -9.33173764E-03
  -1.69460534E-03  -8.72137118E-03
  -1.77542656E-03  -8.08212813E-03
  -1.84958777E-03  -7.41612213E-03
  -1.91684347E-03  -6.72556460E-03
  -1.97697105E-03  -6.01275777E-03
  -2.02977192E-03  -5.28008584E-03
  -2.07507191E-03  -4.53000842E-03
  -2.11272249E-03  -3.76505288E-03
  -2.14260048E-03  -2.98780459E-03
  -2.16460950E-03  -2.20089918E-03
  -2.17867969E-03  -1.40701397E-03
  -2.18476821E-03  -6.08858652E-04
  -2.18285993E-03   1.90834049E-04
  -2.17296672E-03   9.89316846E-04
  -2.15512840E-03   1.78383803E-03
  -2.12941179E-03   2.57164985E-03
  -2.09591165E-03   3.35001899E-03
  -2.05474929E-03   4.11623530E-03
  -2.00607302E-03   4.86762030E-03
  -1.95005769E-03   5.60153835E-03
  -1.88690366E-03   6.31540408E-03
  -1.81683677E-03   7.00669223E-03
  -1.74010731E-03   7.67294597E-03
  -1.65698945E-03   8.31178576E-03
  -1.56778027E-03   8.92091915E-03
  -1.47279876E-03   9.49814636E-03
  -1.37238507E-03   1.00413691E-02
  -1.26689905E-03   1.05486000E-02
  -1.15671940E-03   1.10179670E-02
  -1.04224216E-03   1.14477221E-02
  -9.23879677E-04   1.18362466E-02
  -8.02059076E-04   1.21820588E-02
  -6.77220873E-04   1.24838175E-02
  -5.49817574E-04   1.27403289E-02
  -4.20312048E-04   1.29505508E-02
  -2.89176067E-04   1.31135965E-02
  -1.56888695E-04   1.32287377E-02
  -2.39346118E-05   1.32954093E-02
   1.09197499E-04   1.33132115E-02
   2.42016598E-04   1.32819097E-02
   3.74031020E-04   1.32014407E-02
   5.04750060E-04   1.30719077E-02
   6.33685908E-04   1.28935846E-02
   7.60355033E-04   1.26669155E-02
   8.84280191E-04   1.23925125E-02
   1.00499170E-03   1.20711541E-02
   1.12202950E-03   1.17037846E-02
   1.23494456E-03   1.12915104E-02
   1.34330057E-03   1.08355982E-02
   1.44667528E-03   1.03374692E-02
   1.54466229E-03   9.79869626E-03
   1.63687230E-03   9.22099967E-03
   1.72293466E-03   8.60624108E-03
   1.80249882E-03   7.95641635E-03
   1.87523535E-03   7.27365119E-03
   1.94083725E-03   6.56019431E-03
   1.99902127E-03   5.81840938E-03
   2.04952899E-03   5.05076721E-03
   2.09212746E-03   4.25983919E-03
   2.12661037E-03   3.44828749E-03
   2.15279893E-03   2.61885673E-03
   2.17054249E-03   1.77436532E-03
   2.17971951E-03   9.17695812E-04
   2.18023732E-03   5.17853186E-05
   2.17203354E-03  -8.20384012E-04
   2.15507555E-03  -1.69579533E-03
   2.12936150E-03  -2.57140677E-03
   2.09491979E-03  -3.44416266E-03
   2.05180980E-03  -4.31100279E-03
   2.00012117E-03  -5.16887289E-03
   1.93997379E-03  -6.01473590E-03
   1.87151798E-03  -6.84558181E-03
   1.79493357E-03  -7.65843829E-03
   1.71042979E-03  -8.45038053E-03
   1.61824434E-03  -9.21854284E-03
   1.51864311E-03  -9.96012613E-03
   1.41191902E-03  -1.06724091E-02
   1.29839138E-03  -1.13527598E-02
   1.17840501E-03  -1.19986413E-02
   1.05232885E-03  -1.26076229E-02
   9.20554972E-04  -1.31773902E-02
   7.83497468E-04  -1.37057500E-02
   6.41591032E-04  -1.41906412E-02
   4.95289627E-04  -1.46301417E-02
   3.45064880E-04  -1.50224743E-02
   1.91404732E-04  -1.53660150E-02
   3.48117319E-05  -1.56593006E-02
  -1.24198559E-04  -1.59010291E-02
  -2.85099261E-04  -1.60900708E-02
  -4.47353930E-04  -1.62254684E-02
  -6.10418385E-04  -1.63064469E-02
  -7.73742446E-04  -1.63324084E-02
  -9.36771859E-04  -1.63029432E-02
  -1.09895016E-03  -1.62178278E-02
  -1.25972042E-03  -1.60770249E-02
  -1.41852733E-03  -1.58806909E-02
  -1.57481898E-03  -1.56291686E-02
  -1.72804890E-03  -1.53229916E-02
  -1.87767774E-03  -1.49628827E-02
  -2.02317536E-03  -1.45497499E-02
  -2.16402230E-03  -1.40846865E-02
  -2.29971204E-03  -1.35689685E-02
  -2.42975261E-03  -1.30040478E-02
  -2.55366811E-03  -1.23915514E-02
  -2.67100078E-03  -1.17332749E-02
  -2.78131245E-03  -1.10311788E-02
  -2.88418634E-03  -1.02873798E-02
  -2.97922781E-03  -9.50414594E-03
  -3.06606665E-03  -8.68389010E-03
  -3.14435828E-03  -7.82916136E-03
  -3.21378466E-03  -6.94263726E-03
  -3.27405590E-03  -6.02711504E-03
  -3.32491100E-03  -5.08550275E-03
  -3.36611900E-03  -4.12080996E-03
  -3.39748035E-03  -3.13613866E-03
  -3.41882696E-03  -2.13467190E-03
  -3.43002356E-03  -1.11966371E-03
  -3.43096792E-03  -9.44290077E-05
  -3.42159113E-03   9.37667908E-04
  -3.40185896E-03   1.97322434E-03
  -3.37177096E-03   3.00881034E-03
  -3.33136111E-03   4.04098071E-03
  -3.28069832E-03   5.06628631E-03
  -3.21988552E-03   6.08128542E-03
  -3.14906007E-03   7.08255637E-03
  -3.06839310E-03   8.06670729E-03
  -2.97808927E-03   9.03038960E-03
  -2.87838629E-03   9.97030828E-03
  -2.76955403E-03   1.08832344E-02
  -2.65189400E-03   1.17660156E-02
  -2.52573821E-03   1.26155866E-02
  -2.39144848E-03   1.34289814E-02
  -2.24941503E-03   1.42033417E-02
  -2.10005580E-03   1.49359293E-02
  -1.94381445E-03   1.56241339E-02
  -1.78115966E-03   1.62654836E-02
  -1.61258318E-03   1.68576539E-02
  -1.43859838E-03   1.73984747E-02
  -1.25973893E-03   1.78859420E-02
  -1.07655674E-03   1.83182191E-02
  -8.89620220E-04   1.86936520E-02
  -6.99512544E-04   1.90107673E-02
  -5.06829703E-04   1.92682855E-02
  -3.12178512E-04   1.94651186E-02
  -1.16174720E-04   1.96003802E-02
   8.05591553E-05   1.96733885E-02
   2.77395826E-04   1.96836665E-02
   4.73705295E-04   1.96309481E-02
   6.68857072E-04   1.95151791E-02
   8.62222223E-04   1.93365142E-02
   1.05317542E-03   1.90953240E-02
   1.24109734E-03   1.87921897E-02
   1.42537639E-03   1.84279028E-02
   1.60541106E-03   1.80034637E-02
   1.78061193E-03   1.75200813E-02
   1.95040356E-03   1.69791654E-02
   2.11422681E-03   1.63823254E-02
   2.27154046E-03   1.57313664E-02
   2.42182333E-03   1.50282802E-02
   2.56457576E-03   1.42752444E-02
   2.69932183E-03   1.34746106E-02
   2.82561081E-03   1.26288999E-02
   2.94301868E-03   1.17407953E-02
   3.05114989E-03   1.08131319E-02
   3.14963888E-03   9.84888803E-03
   3.23815062E-03   8.85117613E-03
   3.31638288E-03   7.82323349E-03
   3.38406698E-03   6.76841009E-03
   3.44096846E-03   5.69015834E-03
   3.48688872E-03   4.59202193E-03
   3.52166500E-03   3.47762415E-03
   3.54517158E-03   2.35065655E-03
   3.55732022E-03   1.21486548E-03
   3.55806062E-03   7.40404939E-05
   3.54738068E-03  -1.06799824E-03
   3.52530647E-03  -2.20741332E-03
   3.49190272E-03  -3.34036304E-03
   3.44727258E-03  -4.46301326E-03
   3.39155714E-03  -5.57155162E-03
   3.32493521E-03  -6.66220067E-03
   3.24762287E-03  -7.73122907E-03
   3.15987319E-03  -8.77496693E-03
   3.06197512E-03  -9.78981610E-03
   2.95425253E-03  -1.07722636E-02
   2.83706351E-03  -1.17188944E-02
   2.71079945E-03  -1.26264030E-02
   2.57588341E-03  -1.34916045E-02
   2.43276893E-03  -1.43114468E-02
   2.28193868E-03  -1.50830215E-02
   2.12390302E-03  -1.58035737E-02
   1.95919792E-03  -1.64705124E-02
   1.78838370E-03  -1.70814190E-02
   1.61204312E-03  -1.76340584E-02
   1.43077923E-03  -1.81263853E-02
   1.24521367E-03  -1.85565539E-02
   1.05598453E-03  -1.89229213E-02
   8.63743946E-04  -1.92240588E-02
   6.69156376E-04  -1.94587559E-02
   4.72896150E-04  -1.96260214E-02
   2.75645230E-04  -1.97250936E-02
   7.80908304E-05  -1.97554398E-02
  -1.19076765E-04  -1.97167601E-02
  -3.15166690E-04  -1.96089931E-02
  -5.09489793E-04  -1.94323082E-02
  -7.01360928E-04  -1.91871133E-02
  -8.90101481E-04  -1.88740548E-02
  -1.07504160E-03  -1.84940100E-02
  -1.25552248E-03  -1.80480909E-02
  -1.43089890E-03  -1.75376385E-02
  -1.60054106E-03  -1.69642195E-02
  -1.76383730E-03  -1.63296219E-02
  -1.92019576E-03  -1.56358499E-02
  -2.06904695E-03  -1.48851173E-02
  -2.20984546E-03  -1.40798409E-02
  -2.34207185E-03  -1.32226348E-02
  -2.46523484E-03  -1.23162987E-02
  -2.57887295E-03  -1.13638118E-02
  -2.68255617E-03  -1.03683230E-02
  -2.77588749E-03  -9.33313929E-03
  -2.85850465E-03  -8.26171692E-03
  -2.93008122E-03  -7.15764798E-03
  -2.99032778E-03  -6.02465076E-03
  -3.03899334E-03  -4.86655720E-03
  -3.07586626E-03  -3.68729886E-03
  -3.10077518E-03  -2.49089580E-03
  -3.11358972E-03  -1.28144224E-03
  -3.11422069E-03  -6.30927971E-05
  -3.10262106E-03   1.15995097E-03
  -3.07878642E-03   2.38345470E-03
  -3.04275472E-03   3.60316550E-03
  -2.99460650E-03   4.81482642E-03
  -2.93446449E-03   6.01419155E-03
  -2.86249421E-03   7.19703874E-03
  -2.77890242E-03   8.35918635E-03
  -2.68393732E-03   9.49650537E-03
  -2.57788808E-03   1.06049348E-02
  -2.46108323E-03   1.16804969E-02
  -2.33389018E-03   1.27193090E-02
  -2.19671428E-03   1.37175983E-02
  -2.04999722E-03   1.46717150E-02
  -1.89421582E-03   1.55781442E-02
  -1.72988058E-03   1.64335202E-02
  -1.55753421E-03   1.72346383E-02
  -1.37774949E-03   1.79784670E-02
  -1.19112793E-03   1.86621565E-02
  -9.98297473E-04   1.92830507E-02
  -7.99910515E-04   1.98386982E-02
  -5.96641912E-04   2.03268602E-02
  -3.89186724E-04   2.07455214E-02
  -1.78257789E-04   2.10928936E-02
   3.54164804E-05   2.13674270E-02
   2.51094636E-04   2.15678141E-02
   4.68024606E-04   2.16929968E-02
   6.85446314E-04   2.17421707E-02
   9.02594184E-04   2.17147879E-02
   1.11869979E-03   2.16105599E-02
   1.33299443E-03   2.14294624E-02
   1.54471176E-03   2.11717319E-02
   1.75309042E-03   2.08378714E-02
   1.95737695E-03   2.04286464E-02
   2.15682783E-03   1.99450832E-02
   2.35071243E-03   1.93884671E-02
   2.53831572E-03   1.87603403E-02
   2.71894061E-03   1.80624947E-02
   2.89191026E-03   1.72969718E-02
   3.05657089E-03   1.64660513E-02
   3.21229338E-03   1.55722480E-02
   3.35847633E-03   1.46183018E-02
   3.49454815E-03   1.36071704E-02
   3.61996843E-03   1.25420196E-02
   3.73423053E-03   1.14262141E-02
   3.83686367E-03   1.02633061E-02
   3.92743386E-03   9.05702449E-03
   4.00554668E-03   7.81126227E-03
   4.07084730E-03   6.53006462E-03
   4.12302325E-03   5.21761551E-03
   4.16180538E-03   3.87822371E-03
   4.18696832E-03   2.51630903E-03
   4.19833232E-03   1.13638805E-03
   4.19576280E-03  -2.56941072E-04
   4.17917268E-03  -1.65901426E-03
   4.14852146E-03  -3.06511624E-03
   4.10381658E-03  -4.47049690E-03
   4.04511252E-03  -5.87038649E-03
   3.97251220E-03  -7.26001244E-03
   3.88616603E-03  -8.63461476E-03
   3.78627144E-03  -9.98946372E-03
   3.67307267E-03  -1.13198729E-02
   3.54686053E-03  -1.26212193E-02
   3.40797100E-03  -1.38889560E-02
   3.25678475E-03  -1.51186287E-02
   3.09372577E-03  -1.63058937E-02
   2.91926041E-03  -1.74465273E-02
   2.73389602E-03  -1.85364466E-02
   2.53817881E-03  -1.95717234E-02
   2.33269297E-03  -2.05485933E-02
   2.11805827E-03  -2.14634724E-02
   1.89492851E-03  -2.23129727E-02
   1.66398939E-03  -2.30939109E-02
   1.42595614E-03  -2.38033235E-02
   1.18157151E-03  -2.44384706E-02
   9.31602961E-04  -2.49968562E-02
   6.76840660E-04  -2.54762322E-02
   4.18094598E-04  -2.58746073E-02
   1.56192051E-04  -2.61902548E-02
  -1.08025153E-04  -2.64217220E-02
  -3.73703486E-04  -2.65678335E-02
  -6.39980426E-04  -2.66276971E-02
  -9.05987574E-04  -2.66007129E-02
  -1.17085327E-03  -2.64865682E-02
  -1.43370568E-03  -2.62852442E-02
  -1.69367588E-03  -2.59970203E-02
  -1.94990053E-03  -2.56224684E-02
  -2.20152503E-03  -2.51624547E-02
  -2.44770641E-03  -2.46181395E-02
  -2.68761604E-03  -2.39909738E-02
  -2.92044296E-03  -2.32826937E-02
  -3.14539601E-03  -2.24953163E-02
  -3.36170732E-03  -2.16311365E-02
  -3.56863439E-03  -2.06927136E-02
  -3.76546313E-03  -1.96828730E-02
  -3.95150995E-03  -1.86046902E-02
  -4.12612502E-03  -1.74614843E-02
  -4.28869296E-03  -1.62568074E-02
  -4.43863729E-03  -1.49944322E-02
  -4.57542064E-03  -1.36783421E-02
  -4.69854800E-03  -1.23127177E-02
  -4.80756722E-03  -1.09019224E-02
  -4.90207225E-03  -9.45048872E-03
  -4.98170312E-03  -7.96310417E-03
  -5.04614925E-03  -6.44459715E-03
  -5.09514846E-03  -4.89991810E-03
  -5.12848981E-03  -3.33412550E-03
  -5.14601357E-03  -1.75236911E-03
  -5.14761219E-03  -1.59872114E-04
  -5.13323117E-03   1.43808546E-03
  -5.10286912E-03   3.03618424E-03
  -5.05657820E-03   4.62908437E-03
  -4.99446364E-03   6.21144194E-03
  -4.91668424E-03   7.77792837E-03
  -4.82345186E-03   9.32324678E-03
  -4.71503055E-03   1.08421519E-02
  -4.59173601E-03   1.23294657E-02
  -4.45393519E-03   1.37800984E-02
  -4.30204440E-03   1.51890619E-02
  -4.13652929E-03   1.65514909E-02
  -3.95790255E-03   1.78626571E-02
  -3.76672274E-03   1.91179849E-02
  -3.56359198E-03   2.03130748E-02
  -3.34915495E-03   2.14437097E-02
  -3.12409620E-03   2.25058738E-02
  -2.88913841E-03   2.34957710E-02
  -2.64504016E-03   2.44098306E-02
  -2.39259284E-03   2.52447277E-02
  -2.13261880E-03   2.59973928E-02
  -1.86596857E-03   2.66650207E-02
  -1.59351772E-03   2.72450875E-02
  -1.31616415E-03   2.77353544E-02
  -1.03482534E-03   2.81338803E-02
  -7.50435051E-04   2.84390263E-02
  -4.63940378E-04   2.86494680E-02
  -1.76298432E-04   2.87641939E-02
   1.11526722E-04   2.87825167E-02
   3.98567441E-04   2.87040733E-02
   6.83855731E-04   2.85288282E-02
   9.66426451E-04   2.82570757E-02
   1.24532077E-03   2.78894398E-02
   1.51958945E-03   2.74268724E-02
   1.78829592E-03   2.68706512E-02
   2.05051969E-03   2.62223799E-02
   2.30535958E-03   2.54839789E-02
   2.55193631E-03   2.46576816E-02
   2.78939656E-03   2.37460323E-02
   3.01691517E-03   2.27518715E-02
   3.23369843E-03   2.16783304E-02
   3.43898661E-03   2.05288231E-02
   3.63205699E-03   1.93070360E-02
   3.81222600E-03   1.80169102E-02
   3.97885218E-03   1.66626368E-02
   4.13133856E-03   1.52486376E-02
   4.26913425E-03   1.37795545E-02
   4.39173635E-03   1.22602331E-02
   4.49869363E-03   1.06957071E-02
   4.58960561E-03   9.09118168E-03
   4.66412585E-03   7.45201763E-03
   4.72196285E-03   5.78371203E-03
   4.76288144E-03   4.09188122E-03
   4.78670374E-03   2.38224259E-03
   4.79330961E-03   6.60594320E-04
   4.78263758E-03  -1.06720277E-03
   4.75468533E-03  -2.79524480E-03
   4.70950920E-03  -4.51760553E-03
   4.64722561E-03  -6.22835476E-03
   4.56800964E-03  -7.92158023E-03
   4.47209552E-03  -9.59140528E-03
   4.35977522E-03  -1.12320120E-02
   4.23139846E-03  -1.28376577E-02
   4.08737129E-03  -1.44026978E-02
   3.92815517E-03  -1.59216039E-02
   3.75426537E-03  -1.73889808E-02
   3.56626953E-03  -1.87995918E-02
   3.36478581E-03  -2.01483686E-02
   3.15048150E-03  -2.14304347E-02
   2.92407023E-03  -2.26411242E-02
   2.68631033E-03  -2.37759948E-02
   2.43800180E-03  -2.48308443E-02
   2.17998447E-03  -2.58017294E-02
   1.91313471E-03  -2.66849771E-02
   1.63836277E-03  -2.74771973E-02
   1.35660975E-03  -2.81753018E-02
   1.06884469E-03  -2.87765097E-02
   7.76061090E-04  -2.92783603E-02
   4.79273847E-04  -2.96787247E-02
   1.79515715E-04  -2.99758147E-02
  -1.22166151E-04  -3.01681887E-02
  -4.24713682E-04  -3.02547552E-02
  -7.27061532E-04  -3.02347858E-02
  -1.02814066E-03  -3.01079135E-02
  -1.32688205E-03  -2.98741367E-02
  -1.62222027E-03  -2.95338202E-02
  -1.91309722E-03  -2.90876962E-02
  -2.19846587E-03  -2.85368636E-02
  -2.47729383E-03  -2.78827846E-02
  -2.74856668E-03  -2.71272827E-02
  -3.01129208E-03  -2.62725353E-02
  -3.26450286E-03  -2.53210701E-02
  -3.50726047E-03  -2.42757555E-02
  -3.73865850E-03  -2.31397934E-02
  -3.95782571E-03  -2.19167098E-02
  -4.16392926E-03  -2.06103418E-02
  -4.35617752E-03  -1.92248300E-02
  -4.53382358E-03  -1.77645981E-02
  -4.69616707E-03  -1.62343476E-02
  -4.84255748E-03  -1.46390358E-02
  -4.97239595E-03  -1.29838623E-02
  -5.08513860E-03  -1.12742539E-02
  -5.18029695E-03  -9.51584429E-03
  -5.25744166E-03  -7.71445641E-03
  -5.31620253E-03  -5.87608479E-03
  -5.35627129E-03  -4.00687475E-03
  -5.37740253E-03  -2.11310247E-03
  -5.37941419E-03  -2.01154035E-04
  -5.36218937E-03   1.72249542E-03
  -5.32567641E-03   3.65130277E-03
  -5.26988972E-03   5.57867996E-03
  -5.19490940E-03   7.49801472E-03
  -5.10088261E-03   9.40269325E-03
  -4.98802122E-03   1.12861218E-02
  -4.85660369E-03   1.31417513E-02
  -4.70697274E-03   1.49630969E-02
  -4.53953492E-03   1.67437624E-02
  -4.35476052E-03   1.84774585E-02
  -4.15318040E-03   2.01580301E-02
  -3.93538550E-03   2.17794739E-02
  -3.70202586E-03   2.33359579E-02
  -3.45380744E-03   2.48218477E-02
  -3.19149019E-03   2.62317229E-02
  -2.91588623E-03   2.75603943E-02
  -2.62785703E-03   2.88029276E-02
  -2.32831039E-03   2.99546570E-02
  -2.01819837E-03   3.10112070E-02
  -1.69851328E-03   3.19685042E-02
  -1.37028540E-03   3.28227952E-02
  -1.03457877E-03   3.35706621E-02
  -6.92488509E-04   3.42090279E-02
  -3.45136679E-04   3.47351842E-02
   6.33118907E-06   3.51467878E-02
   3.60749924E-04   3.54418755E-02
   7.16938637E-04   3.56188715E-02
   1.07370457E-03   3.56765985E-02
   1.42984733E-03   3.56142782E-02
   1.78416271E-03   3.54315415E-02
   2.13544699E-03   3.51284295E-02
   2.48250086E-03   3.47053856E-02
   2.82413349E-03   3.41632739E-02
   3.15916701E-03   3.35033610E-02
   3.48644028E-03   3.27273197E-02
   3.80481267E-03   3.18372324E-02
   4.11316846E-03   3.08355726E-02
   4.41042054E-03   2.97252070E-02
   4.69551422E-03   2.85093803E-02
   4.96743154E-03   2.71917135E-02
   5.22519322E-03   2.57761851E-02
   5.46786422E-03   2.42671221E-02
   5.69455605E-03   2.26691887E-02
   5.90442959E-03   2.09873673E-02
   6.09669928E-03   1.92269478E-02
   6.27063448E-03   1.73935052E-02
   6.42556325E-03   1.54928844E-02
   6.56087510E-03   1.35311820E-02
   6.67602243E-03   1.15147252E-02
   6.77052280E-03   9.45005286E-03
   6.84396178E-03   7.34389294E-03
   6.89599337E-03   5.20313997E-03
   6.92634191E-03   3.03483475E-03
   6.93480344E-03   8.46138690E-04
   6.92124665E-03  -1.35568785E-03
   6.88561331E-03  -3.56331025E-03
   6.82791974E-03  -5.76934358E-03
   6.74825581E-03  -7.96637777E-03
   6.64678589E-03  -1.01470016E-02
   6.52374746E-03  -1.23038292E-02
   6.37945207E-03  -1.44295217E-02
   6.21428387E-03  -1.65168159E-02
   6.02869829E-03  -1.85585450E-02
   5.82322152E-03  -2.05476657E-02
   5.59844868E-03  -2.24772841E-02
   5.35504194E-03  -2.43406743E-02
   5.09372912E-03  -2.61313058E-02
   4.81530046E-03  -2.78428663E-02
   4.52060765E-03  -2.94692814E-02
   4.21056012E-03  -3.10047418E-02
   3.88612296E-03  -3.24437171E-02
   3.54831317E-03  -3.37809846E-02
   3.19819688E-03  -3.50116342E-02
   2.83688586E-03  -3.61311063E-02
   2.46553402E-03  -3.71351913E-02
   2.08533346E-03  -3.80200595E-02
   1.69751083E-03  -3.87822613E-02
   1.30332331E-03  -3.94187570E-02
   9.04054206E-04  -3.99269126E-02
   5.01008937E-04  -4.03045304E-02
   9.55105643E-05  -4.05498371E-02
  -3.11104493E-04  -4.06615064E-02
  -7.17491144E-04  -4.06386629E-02
  -1.12229993E-03  -4.04808819E-02
  -1.52418192E-03  -4.01881970E-02
  -1.92179298E-03  -3.97611000E-02
  -2.31379829E-03  -3.92005444E-02
  -2.69887759E-03  -3.85079384E-02
  -3.07572912E-03  -3.76851447E-02
  -3.44307395E-03  -3.67344767E-02
  -3.79966083E-03  -3.56586948E-02
  -4.14427090E-03  -3.44609879E-02
  -4.47572069E-03  -3.31449769E-02
  -4.79286769E-03  -3.17146927E-02
  -5.09461341E-03  -3.01745739E-02
  -5.37990779E-03  -2.85294428E-02
  -5.64775290E-03  -2.67844964E-02
  -5.89720579E-03  -2.49452889E-02
  -6.12738309E-03  -2.30177157E-02
  -6.33746292E-03  -2.10079886E-02
  -6.52668905E-03  -1.89226232E-02
  -6.69437321E-03  -1.67684108E-02
  -6.83989702E-03  -1.45524014E-02
  -6.96271565E-03  -1.22818798E-02
  -7.06235925E-03  -9.96434037E-03
  -7.13843387E-03  -7.60746282E-03
  -7.19062472E-03  -5.21908887E-03
  -7.21869664E-03  -2.80719460E-03
  -7.22249551E-03  -3.79865291E-04
  -7.20194820E-03   2.05473206E-03
  -7.15706451E-03   4.48837504E-03
  -7.08793616E-03   6.91281352E-03
  -6.99473824E-03   9.31979623E-03
  -6.87772734E-03   1.17010996E-02
  -6.73724199E-03   1.40485540E-02
  -6.57370128E-03   1.63540728E-02
  -6.38760440E-03   1.86096802E-02
  -6.17952924E-03   2.08075363E-02
  -5.95012959E-03   2.29399670E-02
  -5.70013467E-03   2.49994863E-02
  -5.43034635E-03   2.69788262E-02
  -5.14163682E-03   2.88709607E-02
  -4.83494531E-03   3.06691322E-02
  -4.51127673E-03   3.23668756E-02
  -4.17169649E-03   3.39580365E-02
  -3.81732848E-03   3.54368016E-02
  -3.44935129E-03   3.67977172E-02
  -3.06899427E-03   3.80357057E-02
  -2.67753331E-03   3.91460918E-02
  -2.27628718E-03   4.01246138E-02
  -1.86661270E-03   4.09674458E-02
  -1.44990068E-03   4.16712090E-02
  -1.02757080E-03   4.22329903E-02
  -6.01067324E-04   4.26503457E-02
  -1.71854132E-04   4.29213196E-02
   2.58590386E-04   4.30444516E-02
   6.88778178E-04   4.30187806E-02
   1.11721666E-03   4.28438522E-02
   1.54241384E-03   4.25197221E-02
   1.96288340E-03   4.20469604E-02
   2.37714988E-03   4.14266475E-02
   2.78375368E-03   4.06603739E-02
   3.18125612E-03   3.97502407E-02
   3.56824463E-03   3.86988446E-02
   3.94333759E-03   3.75092812E-02
   4.30518901E-03   3.61851305E-02
   4.65249363E-03   3.47304419E-02
   4.98399092E-03   3.31497304E-02
   5.29847061E-03   3.14479582E-02
   5.59477601E-03   2.96305213E-02
   5.87180816E-03   2.77032275E-02
   6.12853095E-03   2.56722793E-02
   6.36397349E-03   2.35442594E-02
   6.57723472E-03   2.13261042E-02
   6.76748529E-03   1.90250818E-02
   6.93397317E-03   1.66487694E-02
   7.07602361E-03   1.42050264E-02
   7.19304336E-03   1.17019750E-02
   7.28452299E-03   9.14796535E-03
   7.35003874E-03   6.55155536E-03
   7.38925347E-03   3.92147806E-03
   7.40191946E-03   1.26661453E-03
   7.38787930E-03  -1.40403421E-03
   7.34706549E-03  -4.08137776E-03
   7.27950269E-03  -6.75626611E-03
   7.18530733E-03  -9.41952132E-03
   7.06468755E-03  -1.20619666E-02
   6.91794278E-03  -1.46744559E-02
   6.74546370E-03  -1.72479078E-02
   6.54773042E-03  -1.97733324E-02
   6.32531196E-03  -2.22418644E-02
   6.07886398E-03  -2.46447939E-02
   5.80912828E-03  -2.69735940E-02
   5.51692862E-03  -2.92199496E-02
   5.20317070E-03  -3.13757919E-02
   4.86883754E-03  -3.34333219E-02
   4.51498711E-03  -3.53850387E-02
   4.14274959E-03  -3.72237675E-02
   3.75332264E-03  -3.89426909E-02
   3.34796915E-03  -4.05353606E-02
   2.92801182E-03  -4.19957340E-02
   2.49482994E-03  -4.33181934E-02
   2.04985426E-03  -4.44975682E-02
   1.59456278E-03  -4.55291495E-02
   1.13047566E-03  -4.64087166E-02
   6.59150188E-04  -4.71325479E-02
   1.82175805E-04  -4.76974398E-02
  -2.98831408E-04  -4.81007211E-02
  -7.82234012E-04  -4.83402647E-02
  -1.26637891E-03  -4.84144911E-02
  -1.74960273E-03  -4.83223870E-02
  -2.23023770E-03  -4.80635017E-02
  -2.70661712E-03  -4.76379544E-02
  -3.17708147E-03  -4.70464416E-02
  -3.63998371E-03  -4.62902300E-02
  -4.09369543E-03  -4.53711562E-02
  -4.53661149E-03  -4.42916267E-02
  -4.96715726E-03  -4.30545993E-02
  -5.38379326E-03  -4.16635908E-02
  -5.78502007E-03  -4.01226580E-02
  -6.16938388E-03  -3.84363830E-02
  -6.53548259E-03  -3.66098657E-02
  -6.88196952E-03  -3.46487053E-02
  -7.20755942E-03  -3.25589776E-02
  -7.51103181E-03  -3.03472225E-02
  -7.79123604E-03  -2.80204210E-02
  -8.04709550E-03  -2.55859699E-02
  -8.27761181E-03  -2.30516624E-02
  -8.48186854E-03  -2.04256587E-02
  -8.65903310E-03  -1.77164599E-02
  -8.80836230E-03  -1.49328858E-02
  -8.92920233E-03  -1.20840380E-02
  -9.02099535E-03  -9.17927735E-03
  -9.08327755E-03  -6.22818898E-03
  -9.11568291E-03  -3.24055296E-03
  -9.11794603E-03  -2.26312783E-04
  -9.08990111E-03   2.80445814E-03
  -9.03148483E-03   5.84158860E-03
  -8.94273631E-03   8.87484383E-03
  -8.82379711E-03   1.18939588E-02
  -8.67491029E-03   1.48886703E-02
  -8.49642232E-03   1.78487543E-02
  -8.28878209E-03   2.07640585E-02
  -8.05253722E-03   2.36245338E-02
  -7.78833451E-03   2.64202729E-02
  -7.49691902E-03   2.91415416E-02
  -7.17913080E-03   3.17788087E-02
  -6.83590304E-03   3.43227871E-02
  -6.46825833E-03   3.67644615E-02
  -6.07730728E-03   3.90951149E-02
  -5.66424336E-03   4.13063690E-02
  -5.23034111E-03   4.33902107E-02
  -4.77695093E-03   4.53390181E-02
  -4.30549495E-03   4.71455939E-02
  -3.81746306E-03   4.88031879E-02
  -3.31440778E-03   5.03055267E-02
  -2.79793935E-03   5.16468361E-02
  -2.26972066E-03   5.28218597E-02
  -1.73146185E-03   5.38258888E-02
  -1.18491414E-03   5.46547733E-02
  -6.31864765E-04   5.53049408E-02
  -7.41305994E-05   5.57734184E-02
   4.86447767E-04   5.60578369E-02
   1.04801217E-03   5.61564453E-02
   1.60869339E-03   5.60681224E-02
   2.16661720E-03   5.57923801E-02
   2.71991082E-03   5.53293712E-02
   3.26670962E-03   5.46798892E-02
   3.80516332E-03   5.38453683E-02
   4.33344208E-03   5.28278761E-02
   4.84974310E-03   5.16301207E-02
   5.35229733E-03   5.02554327E-02
   5.83937485E-03   4.87077609E-02
   6.30929135E-03   4.69916537E-02
   6.76041376E-03   4.51122522E-02
   7.19116628E-03   4.30752747E-02
   7.60003598E-03   4.08869907E-02
   7.98557792E-03   3.85542102E-02
   8.34642071E-03   3.60842533E-02
   8.68127029E-03   3.34849320E-02
   8.98891594E-03   3.07645239E-02
   9.26823355E-03   2.79317442E-02
   9.51819029E-03   2.49957182E-02
   9.73785017E-03   2.19659489E-02
   9.92637314E-03   1.88522916E-02
   1.00830225E-02   1.56649165E-02
   1.02071650E-02   1.24142785E-02
   1.02982763E-02   9.11108218E-03
   1.03559392E-02   5.76624926E-03
   1.03798481E-02   2.39087944E-03
   1.03698103E-02  -1.00378226E-03
   1.03257466E-02  -4.40638373E-03
   1.02476915E-02  -7.80550204E-03
   1.01357950E-02  -1.11896815E-02
   9.99032054E-03  -1.45474710E-02
   9.81164631E-03  -1.78674608E-02
   9.60026309E-03  -2.11383216E-02
   9.35677439E-03  -2.43488401E-02
   9.08189453E-03  -2.74879597E-02
   8.77644680E-03  -3.05448174E-02
   8.44135880E-03  -3.35087776E-02
   8.07766430E-03  -3.63694727E-02
   7.68649578E-03  -3.91168371E-02
   7.26908445E-03  -4.17411402E-02
   6.82675419E-03  -4.42330316E-02
   6.36091875E-03  -4.65835594E-02
   5.87307662E-03  -4.87842113E-02
   5.36480732E-03  -5.08269519E-02
   4.83776489E-03  -5.27042449E-02
   4.29367414E-03  -5.44090793E-02
   3.73432413E-03  -5.59350029E-02
   3.16156261E-03  -5.72761483E-02
   2.57729017E-03  -5.84272519E-02
   1.98345352E-03  -5.93836755E-02
   1.38203916E-03  -6.01414368E-02
   7.75067077E-04  -6.06972091E-02
   1.64583616E-04  -6.10483475E-02
  -4.47345432E-04  -6.11929037E-02
  -1.05864170E-03  -6.11296259E-02
  -1.66722143E-03  -6.08579740E-02
  -2.27100262E-03  -6.03781268E-02
  -2.86791241E-03  -5.96909709E-02
  -3.45589360E-03  -5.87981157E-02
  -4.03291266E-03  -5.77018857E-02
  -4.59696585E-03  -5.64053059E-02
  -5.14608668E-03  -5.49121015E-02
  -5.67835383E-03  -5.32266907E-02
  -6.19189534E-03  -5.13541587E-02
  -6.68489793E-03  -4.93002534E-02
  -7.15561165E-03  -4.70713601E-02
  -7.60235637E-03  -4.46744822E-02
  -8.02352838E-03  -4.21172231E-02
  -8.41760635E-03  -3.94077562E-02
  -8.78315419E-03  -3.65547948E-02
  -9.11882985E-03  -3.35675701E-02
  -9.42338817E-03  -3.04558016E-02
  -9.69568454E-03  -2.72296574E-02
  -9.93468147E-03  -2.38997303E-02
  -1.01394514E-02  -2.04769950E-02
  -1.03091793E-02  -1.69727802E-02
  -1.04431668E-02  -1.33987237E-02
  -1.05408346E-02  -9.76674072E-03
  -1.06017245E-02  -6.08898466E-03
  -1.06255021E-02  -2.37780507E-03
 
   1.62266809E-02  -6.99206302E-03
   1.61031447E-02  -1.23536997E-02
   1.59261581E-02  -1.76985972E-02
   1.56960711E-02  -2.30086967E-02
   1.54134110E-02  -2.82659791E-02
   1.50788855E-02  -3.34525183E-02
   1.46933803E-02  -3.85505520E-02
   1.42579554E-02  -4.35425341E-02
   1.37738436E-02  -4.84111942E-02
   1.32424477E-02  -5.31395972E-02
   1.26653360E-02  -5.77111989E-02
   1.20442370E-02  -6.21099025E-02
   1.13810357E-02  -6.63201213E-02
   1.06777670E-02  -7.03268275E-02
   9.93661117E-03  -7.41156042E-02
   9.15988442E-03  -7.76727125E-02
   8.35003331E-03  -8.09851289E-02
   7.50962738E-03  -8.40405896E-02
   6.64135069E-03  -8.68276507E-02
   5.74799348E-03  -8.93357322E-02
   4.83244192E-03  -9.15551409E-02
   3.89767066E-03  -9.34771374E-02
   2.94673117E-03  -9.50939506E-02
   1.98274292E-03  -9.63988230E-02
   1.00888265E-03  -9.73860249E-02
   2.83735571E-05  -9.80509073E-02
  -9.55525320E-04  -9.83898938E-02
  -1.93953048E-03  -9.84005183E-02
  -2.92034470E-03  -9.80814248E-02
  -3.89466854E-03  -9.74323973E-02
  -4.85921185E-03  -9.64543447E-02
  -5.81070501E-03  -9.51493084E-02
  -6.74590981E-03  -9.35204700E-02
  -7.66163087E-03  -9.15721282E-02
  -8.55472777E-03  -8.93096924E-02
  -9.42212436E-03  -8.67396742E-02
  -1.02608213E-02  -8.38696584E-02
  -1.10679045E-02  -8.07082802E-02
  -1.18405567E-02  -7.72652030E-02
  -1.25760678E-02  -7.35510886E-02
  -1.32718431E-02  -6.95775375E-02
  -1.39254136E-02  -6.53570890E-02
  -1.45344455E-02  -6.09031543E-02
  -1.50967455E-02  -5.62299713E-02
  -1.56102711E-02  -5.13525717E-02
  -1.60731375E-02  -4.62867245E-02
  -1.64836273E-02  -4.10488807E-02
  -1.68401878E-02  -3.56561244E-02
  -1.71414483E-02  -3.01261116E-02
  -1.73862185E-02  -2.44770218E-02
  -1.75734926E-02  -1.87274907E-02
  -1.77024584E-02  -1.28965545E-02
  -1.77724939E-02  -7.00358767E-03
  -1.77831762E-02  -1.06824050E-03
  -1.77342799E-02   4.88962373E-03
  -1.76257808E-02   1.08499937E-02
  -1.74578521E-02   1.67927742E-02
  -1.72308739E-02   2.26978473E-02
  -1.69454217E-02   2.85451412E-02
  -1.66022740E-02   3.43146957E-02
  -1.62024070E-02   3.99867259E-02
  -1.57469902E-02   4.55416888E-02
  -1.52373863E-02   5.09603471E-02
  -1.46751478E-02   5.62238321E-02
  -1.40620107E-02   6.13137148E-02
  -1.33998897E-02   6.62120655E-02
  -1.26908747E-02   7.09015056E-02
  -1.19372215E-02   7.53652900E-02
  -1.11413477E-02   7.95873553E-02
  -1.03058238E-02   8.35523829E-02
  -9.43336543E-03   8.72458443E-02
  -8.52682441E-03   9.06540751E-02
  -7.58918142E-03   9.37643126E-02
  -6.62353402E-03   9.65647548E-02
  -5.63308783E-03   9.90445986E-02
  -4.62114671E-03  0.101194099    
  -3.59110069E-03  0.103004590    
  -2.54641520E-03  0.104468547    
  -1.49061927E-03  0.105579592    
  -4.27293940E-04  0.106332541    
   6.39940263E-04  0.106723428    
   1.70743547E-03  0.106749520    
   2.77152890E-03  0.106409341    
   3.82855558E-03  0.105702668    
   4.87486087E-03  0.104630545    
   5.90681378E-03  0.103195295    
   6.92081871E-03  0.101400502    
   7.91332871E-03   9.92510021E-02
   8.88085738E-03   9.67528746E-02
   9.81999189E-03   9.39134359E-02
   1.07274037E-02   9.07411873E-02
   1.15998620E-02   8.72458071E-02
   1.24342432E-02   8.34381208E-02
   1.32275438E-02   7.93300495E-02
   1.39768897E-02   7.49345943E-02
   1.46795474E-02   7.02657625E-02
   1.53329326E-02   6.53385520E-02
   1.59346219E-02   6.01688623E-02
   1.64823569E-02   5.47734834E-02
   1.69740561E-02   4.91700098E-02
   1.74078234E-02   4.33767959E-02
   1.77819524E-02   3.74128930E-02
   1.80949327E-02   3.12979817E-02
   1.83454566E-02   2.50523202E-02
   1.85324233E-02   1.86966658E-02
   1.86549462E-02   1.22522172E-02
   1.87123511E-02   5.74053917E-03
   1.87041853E-02  -8.16498417E-04
   1.86302178E-02  -7.39679625E-03
   1.84904374E-02  -1.39780911E-02
   1.82850566E-02  -2.05380321E-02
   1.80145148E-02  -2.70542447E-02
   1.76794715E-02  -3.35044116E-02
   1.72808077E-02  -3.98663357E-02
   1.68196280E-02  -4.61180173E-02
   1.62972510E-02  -5.22377267E-02
   1.57152098E-02  -5.82040735E-02
   1.50752487E-02  -6.39960766E-02
   1.43793160E-02  -6.95932433E-02
   1.36295594E-02  -7.49756321E-02
   1.28283203E-02  -8.01239237E-02
   1.19781252E-02  -8.50194842E-02
   1.10816807E-02  -8.96444544E-02
   1.01418626E-02  -9.39817950E-02
   9.16170888E-03  -9.80153531E-02
   8.14440940E-03 -0.101729929    
   7.09329592E-03 -0.105111338    
   6.01183157E-03 -0.108146459    
   4.90359869E-03 -0.110823296    
   3.77228856E-03 -0.113131031    
   2.62168795E-03 -0.115060054    
   1.45566778E-03 -0.116602018    
   2.78168940E-04 -0.117749885    
  -9.06810397E-04 -0.118497938    
  -2.09522876E-03 -0.118841834    
  -3.28301499E-03 -0.118778609    
  -4.46608197E-03 -0.118306696    
  -5.64034143E-03 -0.117425948    
  -6.80171791E-03 -0.116137631    
  -7.94616248E-03 -0.114444450    
  -9.06966720E-03 -0.112350509    
  -1.01682805E-02 -0.109861329    
  -1.12381186E-02 -0.106983818    
  -1.22753810E-02 -0.103726253    
  -1.32763637E-02 -0.100098252    
  -1.42374709E-02  -9.61107463E-02
  -1.51552306E-02  -9.17759314E-02
  -1.60263032E-02  -8.71072412E-02
  -1.68474969E-02  -8.21192861E-02
  -1.76157746E-02  -7.68278167E-02
  -1.83282718E-02  -7.12496638E-02
  -1.89822987E-02  -6.54026717E-02
  -1.95753556E-02  -5.93056604E-02
  -2.01051384E-02  -5.29783405E-02
  -2.05695517E-02  -4.64412645E-02
  -2.09667087E-02  -3.97157408E-02
  -2.12949459E-02  -3.28237824E-02
  -2.15528253E-02  -2.57880259E-02
  -2.17391420E-02  -1.86316594E-02
  -2.18529254E-02  -1.13783535E-02
  -2.18934473E-02  -4.05217847E-03
  -2.18602233E-02   3.32246209E-03
  -2.17530150E-02   1.07209152E-02
  -2.15718318E-02   1.81183554E-02
  -2.13169325E-02   2.54898556E-02
  -2.09888276E-02   3.28104720E-02
  -2.05882750E-02   4.00553234E-02
  -2.01162789E-02   4.71996628E-02
  -1.95740890E-02   5.42189628E-02
  -1.89631991E-02   6.10889979E-02
  -1.82853397E-02   6.77859113E-02
  -1.75424758E-02   7.42863044E-02
  -1.67368036E-02   8.05673152E-02
  -1.58707369E-02   8.66066888E-02
  -1.49469078E-02   9.23828706E-02
  -1.39681567E-02   9.78750661E-02
  -1.29375234E-02  0.103063323    
  -1.18582370E-02  0.107928611    
  -1.07337078E-02  0.112452887    
  -9.56751592E-03  0.116619162    
  -8.36339965E-03  0.120411590    
  -7.12524448E-03  0.123815499    
  -5.85706998E-03  0.126817480    
  -4.56301589E-03  0.129405439    
  -3.24732950E-03  0.131568640    
  -1.91435183E-03  0.133297771    
  -5.68502350E-04  0.134584948    
   7.85735901E-04  0.135423824    
   2.14383123E-03  0.135809541    
   3.50121944E-03  0.135738820    
   4.85331891E-03  0.135209948    
   6.19554706E-03  0.134222806    
   7.52333552E-03  0.132778853    
   8.83214734E-03  0.130881175    
   1.01174917E-02  0.128534421    
   1.13749402E-02  0.125744835    
   1.26001425E-02  0.122520201    
   1.37888407E-02  0.118869856    
   1.49368867E-02  0.114804626    
   1.60402544E-02  0.110336803    
   1.70950554E-02  0.105480097    
   1.80975515E-02  0.100249596    
   1.90441683E-02   9.46616977E-02
   1.99315082E-02   8.87340605E-02
   2.07563639E-02   8.24855492E-02
   2.15157252E-02   7.59361610E-02
   2.22067945E-02   6.91069439E-02
   2.28269938E-02   6.20199554E-02
   2.33739763E-02   5.46981655E-02
   2.38456298E-02   4.71653864E-02
   2.42400914E-02   3.94461937E-02
   2.45557502E-02   3.15658525E-02
   2.47912519E-02   2.35502347E-02
   2.49455087E-02   1.54257342E-02
   2.50177011E-02   7.21918698E-03
   2.50072796E-02  -1.04221422E-03
   2.49139704E-02  -9.33100004E-03
   2.47377753E-02  -1.76195130E-02
   2.44789757E-02  -2.58799903E-02
   2.41381284E-02  -3.40846479E-02
   2.37160698E-02  -4.22057696E-02
   2.32139118E-02  -5.02157919E-02
   2.26330385E-02  -5.80873899E-02
   2.19751038E-02  -6.57935590E-02
   2.12420262E-02  -7.33077228E-02
   2.04359889E-02  -8.06037858E-02
   1.95594262E-02  -8.76562446E-02
   1.86150242E-02  -9.44402814E-02
   1.76057052E-02 -0.100931823    
   1.65346283E-02 -0.107107654    
   1.54051734E-02 -0.112945482    
   1.42209334E-02 -0.118424036    
   1.29857026E-02 -0.123523131    
   1.17034651E-02 -0.128223777    
   1.03783831E-02 -0.132508203    
   9.01478343E-03 -0.136360005    
   7.61714205E-03 -0.139764160    
   6.19007088E-03 -0.142707095    
   4.73830337E-03 -0.145176768    
   3.26667610E-03 -0.147162735    
   1.78011437E-03 -0.148656175    
   2.83615082E-04 -0.149649933    
  -1.21777074E-03 -0.150138587    
  -2.71895528E-03 -0.150118440    
  -4.21483070E-03 -0.149587572    
  -5.70028881E-03 -0.148545831    
  -7.17023760E-03 -0.146994904    
  -8.61961953E-03 -0.144938216    
  -1.00434292E-02 -0.142381012    
  -1.14367325E-02 -0.139330283    
  -1.27946800E-02 -0.135794789    
  -1.41125303E-02 -0.131784990    
  -1.53856603E-02 -0.127313048    
  -1.66095868E-02 -0.122392721    
  -1.77799799E-02 -0.117039382    
  -1.88926794E-02 -0.111269914    
  -1.99437067E-02 -0.105102681    
  -2.09292807E-02  -9.85574275E-02
  -2.18458325E-02  -9.16552395E-02
  -2.26900168E-02  -8.44184533E-02
  -2.34587230E-02  -7.68705755E-02
  -2.41490845E-02  -6.90362006E-02
  -2.47584935E-02  -6.09409511E-02
  -2.52846070E-02  -5.26113547E-02
  -2.57253554E-02  -4.40747887E-02
  -2.60789488E-02  -3.53593752E-02
  -2.63438877E-02  -2.64938977E-02
  -2.65189651E-02  -1.75077096E-02
  -2.66032722E-02  -8.43064394E-03
  -2.65962016E-02   7.07075931E-04
  -2.64974516E-02   9.87492967E-03
  -2.63070296E-02   1.90421920E-02
  -2.60252487E-02   2.81780232E-02
  -2.56527327E-02   3.72515619E-02
  -2.51904130E-02   4.62320223E-02
  -2.46395245E-02   5.50887883E-02
  -2.40016095E-02   6.37914911E-02
  -2.32785083E-02   7.23101273E-02
  -2.24723574E-02   8.06151479E-02
  -2.15855818E-02   8.86775330E-02
  -2.06208918E-02   9.64689255E-02
  -1.95812751E-02  0.103961691    
  -1.84699856E-02  0.111129031    
  -1.72905345E-02  0.117945082    
  -1.60466842E-02  0.124385007    
  -1.47424331E-02  0.130425081    
  -1.33820046E-02  0.136042804    
  -1.19698346E-02  0.141216964    
  -1.05105573E-02  0.145927757    
  -9.00898874E-03  0.150156841    
  -7.47011462E-03  0.153887421    
  -5.89907076E-03  0.157104373    
  -4.30112844E-03  0.159794241    
  -2.68167490E-03  0.161945358    
  -1.04619609E-03  0.163547888    
   5.99742634E-04  0.164593875    
   2.25051539E-03  0.165077269    
   3.90045531E-03  0.164994001    
   5.54387551E-03  0.164342001    
   7.17508700E-03  0.163121164    
   8.78842175E-03  0.161333442    
   1.03782490E-02  0.158982769    
   1.19390003E-02  0.156075120    
   1.34651847E-02  0.152618423    
   1.49514107E-02  0.148622572    
   1.63924042E-02  0.144099399    
   1.77830309E-02  0.139062613    
   1.91183090E-02  0.133527726    
   2.03934293E-02  0.127512023    
   2.16037743E-02  0.121034510    
   2.27449313E-02  0.114115797    
   2.38127112E-02  0.106778041    
   2.48031598E-02   9.90448818E-02
   2.57125720E-02   9.09413248E-02
   2.65375096E-02   8.24936777E-02
   2.72748042E-02   7.37294331E-02
   2.79215761E-02   6.46772087E-02
   2.84752417E-02   5.53666092E-02
   2.89335232E-02   4.58281636E-02
   2.92944554E-02   3.60932127E-02
   2.95563936E-02   2.61938088E-02
   2.97180191E-02   1.61626283E-02
   2.97783483E-02   6.03285991E-03
   2.97367293E-02  -4.16188594E-03
   2.95928530E-02  -1.43876793E-02
   2.93467492E-02  -2.46103667E-02
   2.89987922E-02  -3.47956792E-02
   2.85496991E-02  -4.49093170E-02
   2.80005280E-02  -5.49170673E-02
   2.73526795E-02  -6.47848919E-02
   2.66078897E-02  -7.44790360E-02
   2.57682279E-02  -8.39661285E-02
   2.48360950E-02  -9.32132900E-02
   2.38142125E-02 -0.102188222    
   2.27056183E-02 -0.110859334    
   2.15136595E-02 -0.119195834    
   2.02419814E-02 -0.127167836    
   1.88945159E-02 -0.134746492    
   1.74754746E-02 -0.141904056    
   1.59893334E-02 -0.148614034    
   1.44408206E-02 -0.154851258    
   1.28349001E-02 -0.160592020    
   1.11767584E-02 -0.165814131    
   9.47178807E-03 -0.170497045    
   7.72556849E-03 -0.174621969    
   5.94384922E-03 -0.178171933    
   4.13253065E-03 -0.181131855    
   2.29764404E-03 -0.183488667    
   4.45330632E-04 -0.185231343    
  -1.41817902E-03 -0.186350971    
  -3.28658707E-03 -0.186840802    
  -5.15354984E-03 -0.186696306    
  -7.01270159E-03 -0.185915202    
  -8.85767583E-03 -0.184497446    
  -1.06821284E-02 -0.182445288    
  -1.24797607E-02 -0.179763258    
  -1.42443422E-02 -0.176458105    
  -1.59697309E-02 -0.172538862    
  -1.76498983E-02 -0.168016732    
  -1.92789491E-02 -0.162905097    
  -2.08511427E-02 -0.157219425    
  -2.23609153E-02 -0.150977239    
  -2.38028951E-02 -0.144198030    
  -2.51719262E-02 -0.136903167    
  -2.64630839E-02 -0.129115835    
  -2.76716929E-02 -0.120860949    
  -2.87933424E-02 -0.112165019    
  -2.98239030E-02 -0.103056081    
  -3.07595395E-02  -9.35635865E-02
  -3.15967239E-02  -8.37182999E-02
  -3.23322453E-02  -7.35521913E-02
  -3.29632275E-02  -6.30983263E-02
  -3.34871337E-02  -5.23907542E-02
  -3.39017771E-02  -4.14644107E-02
  -3.42053287E-02  -3.03549916E-02
  -3.43963169E-02  -1.90988667E-02
  -3.44736464E-02  -7.73296133E-03
  -3.44365947E-02   3.70535348E-03
  -3.42848115E-02   1.51783591E-02
  -3.40183303E-02   2.66481042E-02
  -3.36375646E-02   3.80765013E-02
  -3.31433117E-02   4.94254380E-02
  -3.25367413E-02   6.06568865E-02
  -3.18194106E-02   7.17330053E-02
  -3.09932474E-02   8.26162621E-02
  -3.00605521E-02   9.32695121E-02
  -2.90239900E-02  0.103656150    
  -2.78865881E-02  0.113740198    
  -2.66517233E-02  0.123486429    
  -2.53231190E-02  0.132860482    
  -2.39048284E-02  0.141828984    
  -2.24012323E-02  0.150359660    
  -2.08170172E-02  0.158421457    
  -1.91571712E-02  0.165984690    
  -1.74269602E-02  0.173021138    
  -1.56319179E-02  0.179504156    
  -1.37778297E-02  0.185408816    
  -1.18707102E-02  0.190712005    
  -9.91678424E-03  0.195392549    
  -7.92247150E-03  0.199431300    
  -5.89435920E-03  0.202811241    
  -3.83918337E-03  0.205517590    
  -1.76380458E-03  0.207537875    
   3.24815512E-04  0.208862007    
   2.41963868E-03  0.209482327    
   4.51357570E-03  0.209393695    
   6.59951009E-03  0.208593473    
   8.67032632E-03  0.207081586    
   1.07189324E-02  0.204860553    
   1.27382865E-02  0.201935425    
   1.47214253E-02  0.198313832    
   1.66614838E-02  0.194005907    
   1.85517259E-02  0.189024270    
   2.03855652E-02  0.183383986    
   2.21565887E-02  0.177102447    
   2.38585826E-02  0.170199364    
   2.54855491E-02  0.162696630    
   2.70317309E-02  0.154618248    
   2.84916330E-02  0.145990223    
   2.98600383E-02  0.136840463    
   3.11320256E-02  0.127198651    
   3.23029868E-02  0.117096141    
   3.33686471E-02  0.106565841    
   3.43250670E-02   9.56420824E-02
   3.51686701E-02   8.43605027E-02
   3.58962491E-02   7.27579296E-02
   3.65049727E-02   6.08722530E-02
   3.69923972E-02   4.87423018E-02
   3.73564735E-02   3.64077352E-02
   3.75955626E-02   2.39089206E-02
   3.77084315E-02   1.12868194E-02
   3.76942605E-02  -1.41712837E-03
   3.75526510E-02  -1.41611164E-02
   3.72836217E-02  -2.69030854E-02
   3.68876122E-02  -3.96008305E-02
   3.63654904E-02  -5.22121191E-02
   3.57185416E-02  -6.46947995E-02
   3.49484719E-02  -7.70069137E-02
   3.40574048E-02  -8.91068131E-02
   3.30478735E-02 -0.100953281    
   3.19228172E-02 -0.112505652    
   3.06855775E-02 -0.123723924    
   2.93398891E-02 -0.134568885    
   2.78898664E-02 -0.145002261    
   2.63399985E-02 -0.154986829    
   2.46951338E-02 -0.164486542    
   2.29604673E-02 -0.173466712    
   2.11415272E-02 -0.181894079    
   1.92441568E-02 -0.189737007    
   1.72745008E-02 -0.196965605    
   1.52389826E-02 -0.203551844    
   1.31442854E-02 -0.209469736    
   1.09973317E-02 -0.214695394    
   8.80525913E-03 -0.219207242    
   6.57539861E-03 -0.222986057    
   4.31524729E-03 -0.226015136    
   2.03244365E-03 -0.228280365    
  -2.65259296E-04 -0.229770303    
  -2.57002190E-03 -0.230476275    
  -4.87394631E-03 -0.230392426    
  -7.16910372E-03 -0.229515746    
  -9.44756530E-03 -0.227846146    
  -1.17014293E-02 -0.225386426    
  -1.39228525E-02 -0.222142309    
  -1.61040761E-02 -0.218122378    
  -1.82374567E-02 -0.213338092    
  -2.03154944E-02 -0.207803681    
  -2.23308560E-02 -0.201536134    
  -2.42764074E-02 -0.194555074    
  -2.61452347E-02 -0.186882675    
  -2.79306713E-02 -0.178543597    
  -2.96263192E-02 -0.169564828    
  -3.12260743E-02 -0.159975559    
  -3.27241458E-02 -0.149807096    
  -3.41150723E-02 -0.139092684    
  -3.53937447E-02 -0.127867416    
  -3.65554243E-02 -0.116168052    
  -3.75957526E-02 -0.104032896    
  -3.85107696E-02  -9.15016681E-02
  -3.92969213E-02  -7.86153525E-02
  -3.99510823E-02  -6.54160753E-02
  -4.04705517E-02  -5.19469529E-02
  -4.08530720E-02  -3.82519886E-02
  -4.10968326E-02  -2.43759267E-02
  -4.12004739E-02  -1.03641395E-02
  -4.11630981E-02   3.73749901E-03
  -4.09842692E-02   1.78827252E-02
  -4.06640209E-02   3.20250057E-02
  -4.02028449E-02   4.61176559E-02
  -3.96017060E-02   6.01139516E-02
  -3.88620347E-02   7.39672482E-02
  -3.79857235E-02   8.76310840E-02
  -3.69751304E-02  0.101059332    
  -3.58330682E-02  0.114206284    
  -3.45628001E-02  0.127026811    
  -3.31680365E-02  0.139476463    
  -3.16529199E-02  0.151511654    
  -3.00220232E-02  0.163089737    
  -2.82803308E-02  0.174169198    
  -2.64332332E-02  0.184709772    
  -2.44865064E-02  0.194672659    
  -2.24463008E-02  0.204020590    
  -2.03191191E-02  0.212718084    
  -1.81118045E-02  0.220731527    
  -1.58315115E-02  0.228029370    
  -1.34856887E-02  0.234582305    
  -1.10820550E-02  0.240363374    
  -8.62857327E-03  0.245348185    
  -6.13342319E-03  0.249514982    
  -3.60497483E-03  0.252844840    
  -1.05175772E-03  0.255321711    
   1.51756871E-03  0.256932646    
   4.09424584E-03  0.257667750    
   6.66944962E-03  0.257520378    
   9.23432037E-03  0.256487101    
   1.17799975E-02  0.254567772    
   1.42976530E-02  0.251765609    
   1.67785231E-02  0.248087063    
   1.92139428E-02  0.243541911    
   2.15953737E-02  0.238143131    
   2.39144415E-02  0.231906876    
   2.61629652E-02  0.224852368    
   2.83329841E-02  0.217001840    
   3.04167885E-02  0.208380386    
   3.24069485E-02  0.199015841    
   3.42963338E-02  0.188938633    
   3.60781513E-02  0.178181648    
   3.77459526E-02  0.166780099    
   3.92936654E-02  0.154771313    
   4.07156125E-02  0.142194614    
   4.20065224E-02  0.129091129    
   4.31615598E-02  0.115503669    
   4.41763252E-02  0.101476535    
   4.50468771E-02   8.70553628E-02
   4.57697473E-02   7.22870007E-02
   4.63419408E-02   5.72193339E-02
   4.67609540E-02   4.19011675E-02
   4.70247753E-02   2.63820775E-02
   4.71318997E-02   1.07122865E-02
   4.70813252E-02  -5.05745411E-03
   4.68725637E-02  -2.08759978E-02
   4.65056449E-02  -3.66919115E-02
   4.59811091E-02  -5.24535999E-02
   4.53000143E-02  -6.81094155E-02
   4.44639362E-02  -8.36077705E-02
   4.34749648E-02  -9.88972634E-02
   4.23356965E-02 -0.113926806    
   4.10492383E-02 -0.128645748    
   3.96191999E-02 -0.143003970    
   3.80496792E-02 -0.156952098    
   3.63452621E-02 -0.170441583    
   3.45110148E-02 -0.183424875    
   3.25524583E-02 -0.195855588    
   3.04755718E-02 -0.207688659    
   2.82867663E-02 -0.218880534    
   2.59928722E-02 -0.229389355    
   2.36011203E-02 -0.239175111    
   2.11191215E-02 -0.248199850    
   1.85548421E-02 -0.256427884    
   1.59165822E-02 -0.263825983    
   1.32129472E-02 -0.270363480    
   1.04528209E-02 -0.276012599    
   7.64533598E-03 -0.280748487    
   4.79984097E-03 -0.284549475    
   1.92586938E-03 -0.287397176    
  -9.66897234E-04 -0.289276659    
  -3.86866205E-03 -0.290176481    
  -6.76955096E-03 -0.290088892    
  -9.65964980E-03 -0.289009839    
  -1.25290398E-02 -0.286938995    
  -1.53678376E-02 -0.283879846    
  -1.81662329E-02 -0.279839605    
  -2.09145248E-02 -0.274829268    
  -2.36031599E-02 -0.268863469    
  -2.62227636E-02 -0.261960447    
  -2.87641827E-02 -0.254141986    
  -3.12185138E-02 -0.245433182    
  -3.35771367E-02 -0.235862374    
  -3.58317457E-02 -0.225460991    
  -3.79743800E-02 -0.214263335    
  -3.99974436E-02 -0.202306435    
  -4.18937430E-02 -0.189629853    
  -4.36564982E-02 -0.176275492    
  -4.52793725E-02 -0.162287384    
  -4.67564873E-02 -0.147711530    
  -4.80824448E-02 -0.132595688    
  -4.92523387E-02 -0.116989210    
  -5.02617657E-02 -0.100942843    
  -5.11068515E-02  -8.45085829E-02
  -5.17842472E-02  -6.77395016E-02
  -5.22911437E-02  -5.06896004E-02
  -5.26252799E-02  -3.34136710E-02
  -5.27849533E-02  -1.59671623E-02
  -5.27690127E-02   1.59394927E-03
  -5.25768809E-02   1.92132816E-02
  -5.22085391E-02   3.68341580E-02
  -5.16645424E-02   5.43997288E-02
  -5.09460121E-02   7.18530715E-02
  -5.00546396E-02   8.91373158E-02
  -4.89926822E-02  0.106195748    
  -4.77629639E-02  0.122971930    
  -4.63688672E-02  0.139409840    
  -4.48143259E-02  0.155453980    
  -4.31038290E-02  0.171049550    
  -4.12424020E-02  0.186142579    
  -3.92355993E-02  0.200680092    
  -3.70894969E-02  0.214610279    
  -3.48106697E-02  0.227882698    
  -3.24061848E-02  0.240448460    
  -2.98835803E-02  0.252260447    
  -2.72508450E-02  0.263273507    
  -2.45163981E-02  0.273444712    
  -2.16890629E-02  0.282733560    
  -1.87780410E-02  0.291102201    
  -1.57928839E-02  0.298515677    
  -1.27434628E-02  0.304942131    
  -9.63993184E-03  0.310353070    
  -6.49269670E-03  0.314723492    
  -3.31237540E-03  0.318032146    
  -1.09758927E-04  0.320261657    
   3.10422783E-03  0.321398675    
   6.31856825E-03  0.321434021    
   9.52219591E-03  0.320362717    
   1.27040371E-02  0.318184137    
   1.58530567E-02  0.314901918    
   1.89582966E-02  0.310524076    
   2.20089257E-02  0.305062860    
   2.49942727E-02  0.298534781    
   2.79038772E-02  0.290960401    
   3.07275206E-02  0.282364249    
   3.34552675E-02  0.272774756    
   3.60775068E-02  0.262223899    
   3.85849774E-02  0.250747144    
   4.09688093E-02  0.238383159    
   4.32205461E-02  0.225173622    
   4.53321747E-02  0.211162999    
   4.72961590E-02  0.196398273    
   4.91054468E-02  0.180928752    
   5.07535040E-02  0.164805815    
   5.22343293E-02  0.148082688    
   5.35424724E-02  0.130814254    
   5.46730421E-02  0.113056824    
   5.56217209E-02   9.48679969E-02
   5.63847870E-02   7.63064325E-02
   5.69591038E-02   5.74317314E-02
   5.73421456E-02   3.83042544E-02
   5.75319976E-02   1.89850125E-02
   5.75273521E-02  -4.64471057E-04
   5.73275313E-02  -1.99822672E-02
   5.69324680E-02  -3.95061560E-02
   5.63427322E-02  -5.89737296E-02
   5.55595085E-02  -7.83224925E-02
   5.45846075E-02  -9.74899605E-02
   5.34204692E-02 -0.116413780    
   5.20701520E-02 -0.135031819    
   5.05373292E-02 -0.153282300    
   4.88262884E-02 -0.171103910    
   4.69419286E-02 -0.188435987    
   4.48897406E-02 -0.205218643    
   4.26758118E-02 -0.221392930    
   4.03068028E-02 -0.236901045    
   3.77899371E-02 -0.251686543    
   3.51329930E-02 -0.265694529    
   3.23442742E-02 -0.278871953    
   2.94325966E-02 -0.291167825    
   2.64072623E-02 -0.302533448    
   2.32780352E-02 -0.312922776    
   2.00551096E-02 -0.322292566    
   1.67490821E-02 -0.330602825    
   1.33709125E-02 -0.337816954    
   9.93189216E-03 -0.343902051    
   6.44360017E-03 -0.348829210    
   2.91786343E-03 -0.352573693    
  -6.33288175E-04 -0.355115175    
  -4.19766782E-03 -0.356437981    
  -7.76297925E-03 -0.356531143    
  -1.13168648E-02 -0.355388582    
  -1.48469564E-02 -0.353009194    
  -1.83409248E-02 -0.349396795    
  -2.17865277E-02 -0.344560236    
  -2.51716599E-02 -0.338513285    
  -2.84844059E-02 -0.331274539    
  -3.17130797E-02 -0.322867304    
  -3.48462723E-02 -0.313319415    
  -3.78729030E-02 -0.302663088    
  -4.07822505E-02 -0.290934592    
  -4.35639918E-02 -0.278174102    
  -4.62082438E-02 -0.264425367    
  -4.87055965E-02 -0.249735430    
  -5.10471389E-02 -0.234154388    
  -5.32244891E-02 -0.217735052    
  -5.52298166E-02 -0.200532719    
  -5.70558645E-02 -0.182604834    
  -5.86959720E-02 -0.164010763    
  -6.01440892E-02 -0.144811571    
  -6.13947883E-02 -0.125069737    
  -6.24432787E-02 -0.104848988    
  -6.32854179E-02  -8.42140764E-02
  -6.39177263E-02  -6.32306486E-02
  -6.43373802E-02  -4.19650748E-02
  -6.45422265E-02  -2.04843059E-02
  -6.45307824E-02   1.14422664E-03
  -6.43022582E-02   2.28527188E-02
  -6.38565272E-02   4.45730910E-02
  -6.31941557E-02   6.62370622E-02
  -6.23163916E-02   8.77762437E-02
  -6.12251684E-02  0.109122209    
  -5.99231012E-02  0.130206600    
  -5.84134907E-02  0.150961190    
  -5.67003116E-02  0.171318039    
  -5.47882169E-02  0.191209555    
  -5.26825301E-02  0.210568652    
  -5.03892414E-02  0.229328930    
  -4.79149930E-02  0.247424811    
  -4.52670753E-02  0.264791787    
  -4.24534082E-02  0.281366587    
  -3.94825339E-02  0.297087491    
  -3.63635868E-02  0.311894596    
  -3.31062861E-02  0.325730026    
  -2.97209024E-02  0.338538349    
  -2.62182336E-02  0.350266874    
  -2.26095747E-02  0.360865980    
  -1.89066809E-02  0.370289475    
  -1.51217319E-02  0.378494918    
  -1.12672914E-02  0.385444015    
  -7.35626230E-03  0.391102910    
  -3.40183731E-03  0.395442486    
   5.82549255E-04  0.398438662    
   4.58327541E-03  0.400072604    
   8.58658552E-03  0.400330991    
   1.25786467E-02  0.399206102    
   1.65456068E-02  0.396695971    
   2.04736516E-02  0.392804384    
   2.43490618E-02  0.387540966    
   2.81582717E-02  0.380921036    
   3.18879262E-02  0.372965515    
   3.55249345E-02  0.363700777    
   3.90565172E-02  0.353158414    
   4.24702652E-02  0.341374964    
   4.57541831E-02  0.328391701    
   4.88967262E-02  0.314254194    
   5.18868454E-02  0.299012035    
   5.47140315E-02  0.282718480    
   5.73683307E-02  0.265430093    
   5.98403923E-02  0.247206330    
   6.21214844E-02  0.228109285    
   6.42035156E-02  0.208203256    
   6.60790578E-02  0.187554508    
   6.77413642E-02  0.166230932    
   6.91843852E-02  0.144301802    
   7.04027638E-02  0.121837541    
   7.13918582E-02   9.89095122E-02
   7.21477568E-02   7.55898356E-02
   7.26672709E-02   5.19512519E-02
   7.29479417E-02   2.80669816E-02
   7.29880482E-02   4.01063822E-03
   7.27866068E-02  -2.01438572E-02
   7.23433867E-02  -4.43223417E-02
   7.16588795E-02  -6.84504732E-02
   7.07343444E-02  -9.24537778E-02
   6.95717707E-02 -0.116257682    
   6.81738928E-02 -0.139787599    
   6.65442050E-02 -0.162968978    
   6.46869317E-02 -0.185727358    
   6.26070499E-02 -0.207988486    
   6.03102669E-02 -0.229678452    
   5.78030273E-02 -0.250723779    
   5.50925098E-02 -0.271051675    
   5.21866083E-02 -0.290590197    
   4.90939245E-02 -0.309268445    
   4.58237529E-02 -0.327016979    
   4.23860736E-02 -0.343767971    
   3.87915187E-02 -0.359455615    
   3.50513533E-02 -0.374016583    
   3.11774500E-02 -0.387390286    
   2.71822568E-02 -0.399519354    
   2.30787564E-02 -0.410350084    
   1.88804269E-02 -0.419832885    
   1.46012008E-02 -0.427922666    
   1.02554075E-02 -0.434579313    
   5.85772702E-03 -0.439768046    
   1.42312888E-03 -0.443459809    
  -3.03318677E-03 -0.445631593    
  -7.49585358E-03 -0.446266711    
  -1.19494032E-02 -0.445354998    
  -1.63783338E-02 -0.442892998    
  -2.07671747E-02 -0.438884020    
  -2.51005553E-02 -0.433338106    
  -2.93632746E-02 -0.426272005    
  -3.35403644E-02 -0.417709053    
  -3.76171544E-02 -0.407678902    
  -4.15793285E-02 -0.396217287    
  -4.54129837E-02 -0.383365631    
  -4.91046906E-02 -0.369170785    
  -5.26415370E-02 -0.353684485    
  -5.60111664E-02 -0.336963028    
  -5.92018329E-02 -0.319066674    
  -6.22024275E-02 -0.300059348    
  -6.50025085E-02 -0.280008048    
  -6.75923303E-02 -0.258982509    
  -6.99628741E-02 -0.237054721    
  -7.21058622E-02 -0.214298576    
  -7.40137547E-02 -0.190789521    
  -7.56797940E-02 -0.166604251    
  -7.70979971E-02 -0.141820416    
  -7.82631636E-02 -0.116516419    
  -7.91708753E-02  -9.07712430E-02
  -7.98175186E-02  -6.46642745E-02
  -8.02002698E-02  -3.82752195E-02
  -8.03171098E-02  -1.16840191E-02
  -8.01668167E-02   1.50291938E-02
  -7.97489733E-02   4.17841375E-02
  -7.90639669E-02   6.85003772E-02
  -7.81129971E-02   9.50973257E-02
  -7.68980533E-02  0.121494271    
  -7.54219517E-02  0.147610351    
  -7.36883059E-02  0.173364580    
  -7.17015490E-02  0.198675871    
  -6.94669187E-02  0.223463118    
  -6.69904649E-02  0.247645274    
  -6.42790496E-02  0.271141440    
  -6.13403395E-02  0.293871075    
  -5.81827983E-02  0.315754175    
  -5.48156835E-02  0.336711526    
  -5.12490347E-02  0.356664985    
  -4.74936552E-02  0.375537843    
  -4.35611010E-02  0.393255264    
  -3.94636542E-02  0.409744680    
  -3.52142900E-02  0.424936235    
  -3.08266561E-02  0.438763410    
  -2.63150223E-02  0.451163441    
  -2.16942430E-02  0.462077975    
  -1.69797074E-02  0.471453547    
  -1.21872853E-02  0.479242206    
  -7.33326562E-03  0.485401988    
  -2.43429141E-03  0.489897430    
   2.49270862E-03  0.492700011    
   7.43059348E-03  0.493788511    
   1.23620871E-02  0.493149340    
   1.72698535E-02  0.490776747    
   2.21365821E-02  0.486672908    
   2.69450620E-02  0.480847985    
   3.16782631E-02  0.473320067    
   3.63194123E-02  0.464114964    
   4.08520699E-02  0.453265965    
   4.52602059E-02  0.440813452    
   4.95282486E-02  0.426804483    
   5.36411703E-02  0.411292315    
   5.75845279E-02  0.394335866    
   6.13445193E-02  0.375999153    
   6.49080276E-02  0.356350631    
   6.82626516E-02  0.335462719    
   7.13967606E-02  0.313411117    
   7.42995068E-02  0.290274292    
   7.69608393E-02  0.266133010    
   7.93715343E-02  0.241069734    
   8.15232173E-02  0.215168342    
   8.34083557E-02  0.188513666    
   8.50202665E-02  0.161191255    
   8.63531381E-02  0.133287057    
   8.74020085E-02  0.104887277    
   8.81627947E-02   7.60782510E-02
   8.86322558E-02   4.69463244E-02
   8.88080373E-02   1.75778382E-02
   8.86886269E-02  -1.19408816E-02
   8.82733911E-02  -4.15234976E-02
   8.75625536E-02  -7.10836053E-02
   8.65572095E-02 -0.100534670    
   8.52593109E-02 -0.129789963    
   8.36716890E-02 -0.158762485    
   8.17980394E-02 -0.187364921    
   7.96429440E-02 -0.215509608    
   7.72118568E-02 -0.243108511    
   7.45111257E-02 -0.270073265    
   7.15479702E-02 -0.296315283    
   6.83305115E-02 -0.321745813    
   6.48677498E-02 -0.346276194    
   6.11695684E-02 -0.369818032    
   5.72467335E-02 -0.392283618    
   5.31108715E-02 -0.413586169    
   4.87744659E-02 -0.433640420    
   4.42508347E-02 -0.452363014    
   3.95541042E-02 -0.469673157    
   3.46991718E-02 -0.485493213    
   2.97016781E-02 -0.499749392    
   2.45779529E-02 -0.512372434    
   1.93449706E-02 -0.523298323    
   1.40202800E-02 -0.532469094    
   8.62194598E-03 -0.539833426    
   3.16847255E-03 -0.545347333    
  -2.32127542E-03 -0.548974812    
  -7.82815833E-03 -0.550688326    
  -1.33328512E-02 -0.550469279    
  -1.88159347E-02 -0.548308313    
  -2.42579896E-02 -0.544205487    
  -2.96396930E-02 -0.538170338    
  -3.49419117E-02 -0.530221939    
  -4.01457958E-02 -0.520388484    
  -4.52328660E-02 -0.508707166    
  -5.01850992E-02 -0.495223522    
  -5.49850091E-02 -0.479991078    
  -5.96157163E-02 -0.463070601    
  -6.40610084E-02 -0.444529384    
  -6.83054104E-02 -0.424440533    
  -7.23342299E-02 -0.402882218    
  -7.61336014E-02 -0.379936814    
  -7.96905011E-02 -0.355690241    
  -8.29928145E-02 -0.330231220    
  -8.60293210E-02 -0.303650588    
  -8.87897313E-02 -0.276040733    
  -9.12646800E-02 -0.247495055    
  -9.34457555E-02 -0.218107551    
  -9.53254774E-02 -0.187972412    
  -9.68973190E-02 -0.157183796    
  -9.81556773E-02 -0.125835598    
  -9.90958884E-02  -9.40213799E-02
  -9.97142345E-02  -6.18342571E-02
 -0.100007907      -2.93669440E-02
  -9.99750271E-02   3.28819081E-03
  -9.96146351E-02   3.60390171E-02
  -9.89267007E-02   6.87935129E-02
  -9.79121029E-02  0.101459607    
  -9.65726525E-02  0.133945018    
  -9.49110836E-02  0.166157082    
  -9.29310545E-02  0.198002577    
  -9.06371772E-02  0.229387626    
  -8.80350024E-02  0.260217607    
  -8.51310343E-02  0.290397018    
  -8.19327384E-02  0.319829583    
  -7.84485564E-02  0.348418236    
  -7.46879056E-02  0.376065314    
  -7.06611797E-02  0.402672708    
  -6.63797557E-02  0.428142250    
  -6.18559942E-02  0.452375978    
  -5.71032278E-02  0.475276798    
  -5.21357395E-02  0.496748894    
  -4.69687544E-02  0.516698539    
  -4.16184068E-02  0.535034716    
  -3.61017063E-02  0.551670134    
  -3.04364879E-02  0.566521883    
  -2.46413630E-02  0.579512477    
  -1.87356547E-02  0.590570927    
  -1.27393212E-02  0.599633396    
  -6.67287735E-03  0.606644392    
  -5.57303894E-04  0.611557364    
   5.58605231E-03  0.614335656    
   1.17355818E-02  0.614952981    
   1.78695209E-02  0.613394022    
   2.39660684E-02  0.609654784    
   3.00034937E-02  0.603742599    
   3.59602571E-02  0.595676303    
   4.18151170E-02  0.585485816    
   4.75472361E-02  0.573211849    
   5.31362891E-02  0.558905423    
   5.85625581E-02  0.542626977    
   6.38070181E-02  0.524445713    
   6.88514039E-02  0.504438519    
   7.36782923E-02  0.482689053    
   7.82711580E-02  0.459286779    
   8.26144144E-02  0.434325874    
   8.66934583E-02  0.407904238    
   9.04946849E-02  0.380122572    
   9.40055177E-02  0.351083547    
   9.72144306E-02  0.320890993    
  0.100110926      0.289649278    
  0.102685556      0.257462770    
  0.104929909      0.224435359    
  0.106836610      0.190670192    
  0.108399302      0.156269431    
  0.109612644      0.121334150    
  0.110472284       8.59643593E-02
  0.110974878       5.02590425E-02
  0.111118041       1.43163167E-02
  0.110900380      -2.17663683E-02
  0.110321462      -5.78919947E-02
  0.109381825      -9.39636901E-02
  0.108082980     -0.129884452    
  0.106427409     -0.165556803    
  0.104418583     -0.200882569    
  0.102060959     -0.235762566    
   9.93599966E-02 -0.270096391    
   9.63221714E-02 -0.303782225    
   9.29550081E-02 -0.336716712    
   8.92670602E-02 -0.368794918    
   8.52679536E-02 -0.399910420    
   8.09684023E-02 -0.429955363    
   7.63801932E-02 -0.458820730    
   7.15162233E-02 -0.486396819    
   6.63904846E-02 -0.512573600    
   6.10180721E-02 -0.537241399    
   5.54151572E-02 -0.560291648    
   4.95989807E-02 -0.581617773    
   4.35878187E-02 -0.601116240    
   3.74009423E-02 -0.618687510    
   3.10585685E-02 -0.634237349    
   2.45817900E-02 -0.647677958    
   1.79924984E-02 -0.658929229    
   1.13132969E-02 -0.667920113    
   4.56740148E-03 -0.674589574    
  -2.22147675E-03 -0.678887844    
  -9.02924966E-03 -0.680777311    
